0.599456632664,0.246941330699
0.517326695408,0.572553025608
0.552291849612,0.405679242076
0.146420481822,0.868056226052
0.112328052207,0.139468157775
0.149248168185,0.0394105054557
0.857731849667,0.891708390996
0.122563612247,0.461568752206
0.393184627584,0.126153885801
0.864392661011,0.864067468326
0.740818363722,0.166565802564
0.263629642579,0.192304224117
0.832468556238,0.467618599782
0.150446233582,0.0100951747651
0.278510612123,0.974130559488
0.0316908654967,0.911451527
0.0579404200627,0.671770248075
0.349696930002,0.4554984278
0.221138801777,0.338525859671
0.308106136751,0.708900274575
0.871253581483,0.409316583329
0.816221102286,0.0115492406392
0.787697673252,0.52595380896
0.833728904881,0.224040628177
0.376742895257,0.697708580438
0.848420392065,0.478316574126
0.846360038884,0.54831933787
0.99137102606,0.904711173667
0.385627907417,0.95548263232
0.765341814598,0.525502719864
0.991043202596,0.69498332872
0.19460689249,0.114036758866
0.262115764241,0.735502233462
0.550446819955,0.397151333539
0.758429520713,0.0237874274704
0.813575079951,0.74826798129
0.180202707316,0.389023144532
0.0376001815648,0.0117877391807
0.996267871635,0.488196658055
0.372024763972,0.196172094564
0.807192245089,0.70575271953
0.00155619792963,0.77122667304
0.111482745151,0.948632680184
0.332736083956,0.451102775327
0.00498090567375,0.824392688444
0.30816825423,0.556446876169
0.92660079706,0.156222383216
0.867329612931,0.500238930843
0.924456174057,0.822355050186
0.442980030659,0.0887117707147
0.030197454882,0.874230809834
0.474284917458,0.663694907928
0.881648414209,0.304658991485
0.895763018391,0.0275324394277
0.279925678734,0.8117663951
0.853220318324,0.944835395358
0.303011272464,0.780235585616
0.985130302649,0.527006015112
0.252596289638,0.0389623153972
0.759653062784,0.138845384438
0.386942606431,0.309277881653
0.416850672954,0.905998994933
0.425947761222,0.912744312624
0.805400859701,0.288378332069
0.318089019051,0.369844224601
0.60564719162,0.674062517141
0.972229835706,0.926516063497
0.611871721426,0.0462387794991
0.545307620393,0.403640221273
0.544778725432,0.0401763732599
0.995762207427,0.0569583704196
0.272679934333,0.072124028938
0.547611106004,0.351818296554
0.375299842853,0.789167520858
0.904020115569,0.165696983116
0.27897694006,0.472728620197
0.112881670142,0.386538082052
0.302088045615,0.921976337033
0.198534120435,0.721211398073
0.215893208753,0.625658378762
0.58199072814,0.45872429271
0.816907302182,0.222717194378
0.477280224025,0.982417601423
0.183261789288,0.54543245484
0.293105783308,0.123806059501
0.851592980893,0.577678841572
0.57882926351,0.545334737265
0.18446810682,0.568633165586
0.0913890144354,0.68264187042
0.0514571680595,0.189151116972
0.294217797094,0.27893121766
0.81210228896,0.287750644602
0.0739579021219,0.0679826935849
0.149413519385,0.394191900462
0.196814233736,0.235022359487
0.183975655495,0.298735397215
0.504858728623,0.971347071684
0.791990441876,0.17252070346
0.802850690411,0.710093029897
0.905798409898,0.434706733524
0.867098682564,0.698090252528
0.273092576113,0.38977614849
0.83847858966,0.807712279809
0.245505972718,0.836273890616
0.945757071954,0.877769458627
0.381288027713,0.54116179558
0.845960642301,0.716400427545
0.709104940128,0.285251461104
0.610801889941,0.0544611157489
0.297147399562,0.202788866191
0.387014574297,0.738229586248
0.260541127773,0.178915091311
0.842035675322,0.915097963946
0.446216596329,0.244497771856
0.252365901802,0.41617988774
0.802442937569,0.561481680837
0.577335946859,0.978157315638
0.077675196862,0.475013393311
0.479402295116,0.553973975769
0.167940237363,0.168922148399
0.415448560951,0.606217256291
0.302802525034,0.497519204116
0.986757274332,0.0304310173898
0.465867285826,0.473904697343
0.691806388721,0.266400115287
0.799934067469,0.400993420026
0.0951623926188,0.630060499062
0.0263931443995,0.716802193628
0.0121402977606,0.59667020236
0.870891979487,0.698408427262
0.624343754739,0.431791125287
0.336195516907,0.370295520944
0.375026419982,0.52988362943
0.143330081067,0.881881935134
0.625875544306,0.374436227829
0.982212164115,0.872527536625
0.606816189535,0.371748818454
0.369093855999,0.0667067263511
0.342520970787,0.245684228433
0.608551122265,0.720163485562
0.292424810572,0.546147499419
0.787079643164,0.641903810271
0.743661312507,0.218079687723
0.63504989302,0.273784313091
0.230750588282,0.270937279154
0.366525511525,0.470940416538
0.229261442569,0.349963495292
0.896496715114,0.134626907521
0.215724059991,0.0606926929427
0.708881129751,0.529410713771
0.474320340697,0.034415175745
0.961342665514,0.84407736467
0.820374108118,0.875217475537
0.777025160928,0.139437567372
0.971492430979,0.93371847294
0.696077111379,0.292010676528
0.00111110839061,0.485861769414
0.594803472537,0.993981323163
0.13291503705,0.0888200974928
0.426318438003,0.750956222267
0.340070329508,0.662360252691
0.889438386601,0.793161991103
0.101595858524,0.446075327143
0.0379926544239,0.168638324436
0.770711026518,0.174093131837
0.55881404931,0.614978486197
0.156636336995,0.914822162552
0.0585018474372,0.919234591461
0.113799387161,0.900869983342
0.36789092695,0.789840789803
0.394237635248,0.733156483051
0.852390755392,0.525438878576
0.40213956705,0.394632640137
0.0565917628666,0.0148157170772
0.743570134264,0.415399483402
0.151092768432,0.871536997088
0.637771725563,0.474504448356
0.356984993254,0.344746326377
0.371420280772,0.886554335863
0.37860412741,0.0193164310478
0.144933691656,0.346208235956
0.166352200753,0.822981461606
0.998731610754,0.334163020863
0.485186348142,0.0476181671814
0.194464113901,0.229060505544
0.387482914149,0.826416609725
0.399210272022,0.741428609535
0.528589886619,0.663649204713
0.197223775668,0.0388118084642
0.246670461242,0.101232664759
0.702668187584,0.569225521212
0.793688447397,0.402596393514
0.260492165403,0.861040855485
0.565530524848,0.472898797169
0.891343749058,0.347812563376
0.408902201139,0.257444578378
0.132707519485,0.570896078395
0.921342132035,0.648802308925
0.663860423518,0.858423860131
0.700121049147,0.375940430278
0.803325108461,0.123997371164
0.871468938344,0.509141862846
0.545821451588,0.922675602409
0.68267988931,0.0781684847817
0.252906031549,0.710766504792
0.0931210464744,0.261296760926
0.263687087856,0.707708565337
0.0516232900621,0.344981141792
0.426372926824,0.0732927967602
0.458401538272,0.531407725938
0.970818553055,0.873518180836
0.930553188676,0.270729968312
0.150167239821,0.638492364011
0.201524883768,0.586482086269
0.195724834684,0.0651440264797
0.44892419813,0.636449804662
0.0941346657524,0.549718044777
0.436834885632,0.255241892546
0.171877883112,0.234325949672
0.896611544776,0.0318704502084
0.147484507223,0.518169870001
0.682640916086,0.410319686527
0.240357833128,0.274347429984
0.649398613445,0.712901817465
0.970285642584,0.703507809501
0.421915465588,0.245539515593
0.534638766506,0.726566191264
0.116592021195,0.0598091950333
0.224158244956,0.419247320196
0.667174417401,0.00914362703446
0.538556269088,0.2908746748
0.335015504177,0.433229945861
0.460024790896,0.401780547578
0.0873930833489,0.159143710095
0.493359369699,0.386556782862
0.996701677871,0.769619503787
0.582851268091,0.547835058147
0.0499959914108,0.676731532954
0.565430175041,0.515900156745
0.766444680307,0.782990397877
0.216690652472,0.184649216252
0.659666536644,0.330802349251
0.454779153145,0.0443773266988
0.422938941228,0.941848970347
0.687668596149,0.819405497703
0.627524714294,0.585108410304
0.970854954626,0.489713878296
0.790301963004,0.231410961125
0.10196113461,0.181326992085
0.342304116872,0.460682855533
0.889387037464,0.592625531254
0.642610092758,0.384949046801
0.669619938622,0.404115945772
0.608069115084,0.535810004778
0.307906542055,0.0836024793917
0.122603921099,0.574905645842
0.0731114280171,0.453055568559
0.899060937542,0.582639073971
0.976662959339,0.287880822865
0.649913433479,0.934754895595
0.349404252655,0.533580547548
0.847178471136,0.331334684958
0.00895353720502,0.990225518444
0.40612257659,0.109474997259
0.736027467392,0.325059495809
0.168456730924,0.118490516397
0.697573614883,0.993262214744
0.391914682219,0.763738608249
0.654240320004,0.420961509365
0.0489339406047,0.409428954373
0.0292656839529,0.952241643958
0.409388208049,0.579240187329
0.940734880066,0.576024614845
0.172328927864,0.951613578867
0.187939870389,0.12814614352
0.362451437754,0.434850836026
0.977372506107,0.554054913244
0.805840601546,0.768983731021
0.402226247408,0.0746492366246
0.119731229888,0.992717271059
0.859945263108,0.345718260315
0.832780283434,0.899867385876
0.923395094763,0.875205992224
0.186219900088,0.793465046317
0.0556351575691,0.806527046217
0.576908698164,0.734936255059
0.549705561669,0.597518993024
0.0370213739721,0.0314557795031
0.81213060389,0.291056367379
0.807214258569,0.70350412313
0.564947664715,0.104960934475
0.0660424040819,0.383981489154
0.925251895172,0.226263315121
0.422240747919,0.641687795772
0.496701859278,0.0250959540127
0.695286504767,0.918407674513
0.599694298183,0.580412683165
0.835298241645,0.832838403633
0.186756527769,0.422299147147
0.819269782017,0.734833966859
0.84438803457,0.129443308918
0.43946706101,0.70895321746
0.730161254412,0.0718049175323
0.71194035651,0.626228459204
0.348913078732,0.304108599174
0.029009349695,0.391989814639
0.306995107638,0.431501371168
0.708745616443,0.145481907955
0.479962431851,0.792853288283
0.248634590725,0.863684385531
0.93295946399,0.112839609084
0.115700494424,0.645201996279
0.517189988669,0.90357757403
0.801951905258,0.501892561824
0.0686905088763,0.0988704783996
0.448491010843,0.304571618993
0.943129429573,0.665845822272
0.270530579204,0.356958622345
0.0807827199128,0.249688044496
0.31877140041,0.641948344546
0.172553734689,0.677183699426
0.117649355769,0.894126110695
0.626436557521,0.577472620089
0.18727168977,0.740870650694
0.236052161882,0.79804322098
0.778954587158,0.939395752813
0.782693231532,0.36494518534
0.510652246379,0.626869041194
0.267518065033,0.800051618266
0.329098042344,0.130136078109
0.0595214282882,0.660009380981
0.264711369177,0.851575698417
0.772431848566,0.115207951479
0.555281228001,0.967373896018
0.829230925147,0.872239564227
0.262756699542,0.725478409166
0.339881653952,0.828062662685
0.102652216461,0.685114098302
0.644904319617,0.261318143514
0.632161475514,0.910880956991
0.615165829871,0.184043010353
0.306162413527,0.351558433813
0.311169348438,0.684407481669
0.950002780371,0.503910163333
0.79025705217,0.944385072604
0.374444415538,0.046278697752
0.753301604609,0.734990328562
0.303251577722,0.269129883829
0.703328157251,0.156405132205
0.843448225221,0.860629028695
0.566348428866,0.218804984897
0.949003056018,0.235281578533
0.309001040357,0.441832049412
0.520729948441,0.45551732213
0.000206948482064,0.862196459694
0.023738621409,0.881550609902
0.822817745045,0.936699107864
0.313963450183,0.179706999706
0.0542865262409,0.687742696925
0.156558851534,0.167831484724
0.230392921833,0.278619058906
0.213596584213,0.607417235236
0.511115943366,0.650686591495
0.642048215471,0.855155756184
0.0367266546378,0.557711660067
0.385941589867,0.789264665151
0.228554748196,0.608951718966
0.269593424023,0.23467118483
0.327836985063,0.0635757416665
0.746386227872,0.881310060471
0.0169851095043,0.652442415141
0.562900662923,0.905393900218
0.685360226735,0.418584975092
0.578196044027,0.12721448432
0.162150120235,0.223836946331
0.483090094161,0.266824110695
0.100544388597,0.518508446121
0.697829771027,0.0964390823657
0.728952819465,0.0236681677119
0.698940623419,0.953085254886
0.456766860639,0.0658907573661
0.282682058676,0.147513813299
0.500936573523,0.180803447267
0.996381698189,0.419565804063
0.387341186906,0.0641640866177
0.598590218177,0.124303322645
0.26174146526,0.299139248489
0.098115991808,0.830013838728
0.11052901055,0.483005031189
0.289062579674,0.236544565761
0.223295852906,0.669864375976
0.793797505046,0.408913358348
0.318528303382,0.731035611284
0.269164231283,0.870460738941
0.293877536,0.051252563536
0.470342625844,0.299905357248
0.465953762719,0.292026447482
0.987014629394,0.974536062265
0.617535205661,0.906560117279
0.312935965864,0.78789289325
0.765052531715,0.355314513623
0.721471730461,0.0936174271986
0.232581186113,0.209901762893
0.625771338006,0.201762172727
0.283557200148,0.272359390347
0.943349490039,0.947999733897
0.83164659593,0.451521962167
0.490065967293,0.374577296
0.460829537399,0.141503849402
0.270984462554,0.185101306379
0.880906155391,0.689973164064
0.133334757855,0.430409513636
0.325642617889,0.0149428938765
0.739427513669,0.440209816146
0.361659734104,0.182151101677
0.488289266679,0.271639014105
0.507776344786,0.250393349902
0.292645264512,0.425163038461
0.610911461402,0.84256292204
0.278654644463,0.327374251015
0.644674919765,0.994845366137
0.230766018151,0.220773582846
0.820305420608,0.798069617377
0.329011810642,0.0147500710986
0.429518048173,0.543483657821
0.760154430659,0.660947057318
0.672126503157,0.803380630067
0.774871881326,0.473253914888
0.104812576851,0.814335570553
0.601774000032,0.0330134769178
0.788491059794,0.393339426744
0.314112896349,0.515048353588
0.67156033166,0.924846377803
0.0260177730836,0.304671523237
0.0404449009458,0.843131340274
0.703537809127,0.270570218307
0.769384160761,0.633379814574
0.660130534738,0.750429713261
0.160977287064,0.600459814094
0.517642931317,0.340478520164
0.730623819562,0.434240109649
0.470068082353,0.209234460523
0.738954018145,0.0106004430671
0.497232646858,0.537644862251
0.267584527829,0.168523359846
0.34796124669,0.10586803445
0.721182977495,0.581133137628
0.0417689675456,0.953829802215
0.771762169124,0.974389784772
0.642770197447,0.942113720714
0.80315391744,0.308664414454
0.754147894738,0.12160651694
0.506349356337,0.90877211688
0.524620382894,0.946711929401
0.381771022579,0.524153575409
0.569495464611,0.960497683546
0.707681513005,0.594815122794
0.0657090844821,0.223056833057
0.123363888726,0.511158333246
0.990817477838,0.837554404331
0.488835110393,0.514393376704
0.0413090131081,0.835289162025
0.381831010589,0.0276517111803
0.924296110485,0.439876766883
0.674571611287,0.540047327667
0.789654082822,0.96237924664
0.620965576602,0.116919122868
0.588222040215,0.0317077460477
0.344841149972,0.0739879942657
0.285710402789,0.898728841859
0.211846968448,0.78250999478
0.39639142579,0.369206651794
0.844393903985,0.4126645626
0.982406918647,0.198848914112
0.879490145845,0.271087153568
0.555314708047,0.11982748828
0.0468728192147,0.372767365322
0.179283521798,0.488203258021
0.242992035118,0.0388737123889
0.718293274696,0.333800290527
0.172301990672,0.947973525359
0.488559165607,0.562958496166
0.96222354829,0.118154400442
0.182269351297,0.710204782764
0.560788231339,0.415271868131
0.112155033155,0.583960084528
0.441445376103,0.671066232906
0.300421706866,0.402510056966
0.308016419674,0.200931991689
0.508013933264,0.829138757612
0.0344322990502,0.485379052412
0.752101443163,0.634054308716
0.993025619963,0.0572387584593
0.161742249616,0.319679756445
0.00622720499851,0.519466213538
0.640634681152,0.418736386972
0.417340289344,0.87727881352
0.611901915307,0.263502313764
0.319645913446,0.200824631756
0.264643004886,0.670162210768
0.637763924099,0.26164667978
0.539731865442,0.860631523654
0.268379430889,0.024896201044
0.276086272302,0.940723053412
0.0205124506698,0.121552658421
0.17372424895,0.706308588211
0.978686488402,0.588309140852
0.0884979491865,0.457996655657
0.783070469462,0.179088767
0.295840366226,0.667574500517
0.317834683401,0.728857905691
0.795147418977,0.830781974333
0.551267257215,0.378794921448
0.618463078104,0.18627095239
0.204565188233,0.818704376353
0.817277792435,0.406862625054
0.467406139632,0.429753113316
0.452383788376,0.227791276088
0.218288492025,0.832779154687
0.667082076163,0.975778758063
0.160224867654,0.92344543182
0.76557745955,0.527574745573
0.65325176709,0.837626727581
0.52762763288,0.647382391353
0.976770079122,0.720296273999
0.0784742963469,0.716804475857
0.973875928414,0.390729431774
0.0434281609748,0.727325592778
0.309146003742,0.917925566018
0.182538790034,0.376668655364
0.023677019089,0.438702470137
0.190003723731,0.597092315599
0.746186525281,0.279839883082
0.133731203609,0.119743568723
0.254736702516,0.828421413963
0.433069262362,0.192964246268
0.283637211193,0.349924531093
0.203956718413,0.53952828263
0.569476888517,0.779580833737
0.695514524824,0.245804211365
0.157506288811,0.903879712237
0.825634940263,0.00743982864051
0.0234270713572,0.48882731866
0.838339969473,0.925339289963
0.193960610974,0.809346041939
0.416007903032,0.651971549365
0.31554220507,0.125971886795
0.707545319532,0.30806930834
0.0297232060386,0.966793037744
0.428795152824,0.0993077154425
0.812426593407,0.848604319589
0.301350083554,0.682764916604
0.120236688223,0.387080875555
0.221516974165,0.245583381264
0.964785750696,0.0346757175928
0.550732468589,0.636403463527
0.333848567075,0.243013776861
0.796396920716,0.171014312353
0.650539734904,0.999794190929
0.83780188298,0.423717604227
0.681701182374,0.588469134723
0.652109615138,0.311435388607
0.504986853196,0.076448660662
0.231986868947,0.399739335177
0.156725871781,0.15948778214
0.178274741936,0.551519677867
0.452419745671,0.622061354324
0.980987534048,0.606980976318
0.225265631139,0.265407022056
0.197432791991,0.7768312448
0.496799793846,0.113597021159
0.873717540128,0.395697321008
0.609610162366,0.974617135913
0.583601786148,0.50808080279
0.907833785339,0.89547241088
0.455837597762,0.682564242199
0.677807297771,0.29645406729
0.163285026721,0.568793817464
0.0360755363066,0.82289429879
0.760627000004,0.708832489679
0.928154835961,0.95799034109
0.467216359894,0.674817351564
0.974575391689,0.853452436124
0.654137348679,0.439491629372
0.742546626431,0.0584881233278
0.0231813098501,0.753617268007
0.129523771108,0.81188566575
0.394466782522,0.951519486838
0.0639844335825,0.502886414929
0.269806286497,0.101086229128
0.5411429936,0.00628561108443
0.210220654139,0.451804880693
0.346168612711,0.86317082684
0.285900417228,0.322133457856
0.910745912841,0.17146522098
0.624579991148,0.395874021641
0.0651396836628,0.796914003026
0.998108602938,0.422456035109
0.598299185589,0.837106258979
0.785738782866,0.505052369883
0.284189854447,0.251858929781
0.869254682632,0.076750541486
0.590324458815,0.489132633036
0.491716417945,0.804880879122
0.152042389774,0.988522464704
0.31458152298,0.826019407619
0.166676325899,0.759400459008
0.675648355437,0.795070898756
0.999142672788,0.683374903076
0.515775249961,0.698665377331
0.758433093526,0.460423046842
0.228869595936,0.218081075833
0.0218758852234,0.75849502959
0.349556539749,0.758591528962
0.130229646011,0.672216770645
0.0430263095049,0.593757531336
0.0257800281295,0.697364483319
0.791972118483,0.412393499312
0.356112114508,0.232115794159
0.853880595687,0.467444945271
0.756193272568,0.619855559593
0.14578796481,0.170142080467
0.262238981641,0.85816891525
0.323940008543,0.888940060089
0.629769389495,0.708312018765
0.280480357175,0.048192730846
0.453891823885,0.640611005826
0.335229986275,0.952724325226
0.638796885054,0.993663985322
0.801291785492,0.510280815628
0.164324950038,0.649933957988
0.151225326041,0.405704894841
0.493584509506,0.49467485239
0.247823170656,0.0229970231871
0.553285827205,0.451748716534
0.0638155999201,0.517603437304
0.115000328884,0.991824748764
0.740059908412,0.363835148517
0.839729808048,0.102183438019
0.877780744362,0.658873532547
0.0816093528186,0.43744613974
0.59675880051,0.623732885282
0.737006651856,0.659113629435
0.643688497063,0.820446101321
0.0205589802096,0.959713172655
0.430261274468,0.284396537299
0.489617505305,0.94029671412
0.918903986065,0.817719090762
0.223257978887,0.285971666809
0.829018420458,0.652210482539
0.245939001231,0.869121431091
0.904134429646,0.63491518058
0.984630690495,0.551534502691
0.858143783108,0.303222170399
0.952067490911,0.362146435563
0.0995496028419,0.155134175799
0.63345201181,0.757184719604
0.0547260223357,0.469512575621
0.784207061592,0.52698418584
0.418870496255,0.176942749639
0.113639429923,0.333046475988
0.284948906859,0.367728006577
0.076182775606,0.226019208334
0.51531668303,0.991613087727
0.415763011871,0.413092052333
0.284122074325,0.557720967955
0.85986988782,0.669385692939
0.998683684779,0.94527641639
0.84335868527,0.0417525038391
0.75476862633,0.615883585977
0.745814645023,0.977454206342
0.22047474747,0.361380929764
0.552589226015,0.336086721973
0.864624716448,0.542537464238
0.00525324342402,0.911002633303
0.522191750084,0.686034722225
0.508721270118,0.614110624101
0.98099491599,0.441796340077
0.697968380148,0.859429239648
0.104508273336,0.581339970996
0.458572410323,0.992174714317
0.936973499491,0.186203794056
0.0976049194771,0.453638343843
0.0191517245686,0.496963360672
0.738442577929,0.883266737624
0.96323815839,0.916878009226
0.913944836594,0.334872977822
0.386586580961,0.814214083327
0.467146283162,0.150561393404
0.454268627178,0.36991970717
0.0853222645362,0.350413050637
0.959220612921,0.926474122706
0.969138020581,0.571682772503
0.105895058834,0.226988350585
0.186365371299,0.18865358487
0.888342886652,0.204017705562
0.378965483333,0.0930669111978
0.0365079884249,0.947850745694
0.762415191833,0.434893841716
0.16881671933,0.980403885612
0.434163265111,0.544553908464
0.0754237976119,0.279543356707
0.26233393229,0.139023968174
0.894184396217,0.193819162546
0.0308025905131,0.985859797082
0.939573570632,0.722946466374
0.841440964557,0.156239870637
0.0799774985143,0.864217510257
0.358484705292,0.322776272574
0.68869509631,0.757040602166
0.613685741215,0.0952878730333
0.365272625428,0.013157732927
0.0974594359718,0.728370404347
0.27260454642,0.15962038934
0.980455599573,0.820354872284
0.682146604575,0.325595403995
0.167783053824,0.81610286102
0.926539395987,0.863694056769
0.252621976321,0.0891846690425
0.50419775316,0.773121536914
0.981643086775,0.915871830346
0.0319979877645,0.0220704856303
0.631724010435,0.127802175878
0.607379399267,0.00940361492178
0.741701448103,0.387151981239
0.757880708684,0.692721216118
0.477639931745,0.508632715808
0.0902050527029,0.648360186511
0.640755082632,0.815832084437
0.0491690812277,0.187773590387
0.66295843149,0.551732624315
0.414871122348,0.026965109901
0.834019505323,0.290127894362
0.364788931615,0.455530903335
0.544926986823,0.240941028949
0.498711227985,0.925380760554
0.201704319612,0.550564215263
0.973110137963,0.479766814554
0.905120589891,0.0379802854575
0.523917438701,0.00287451225959
0.270987649241,0.916632863163
0.415447029605,0.463038465149
0.403073783821,0.739469134757
0.398174094636,0.510995852018
0.0634272110473,0.713295644414
0.534321355915,0.973568213042
0.871127045366,0.345445561368
0.372457626119,0.660278272518
0.458446543539,0.554611378277
0.970966119469,0.0906576736338
0.59478563098,0.677589925463
0.21937074058,0.586094734047
0.774949660191,0.285507892042
0.97701094131,0.130265618505
0.473927109645,0.72887109772
0.440190798359,0.514490798112
0.474815720105,0.0536130736125
0.321482377447,0.0829134343853
0.76031512584,0.477589650886
0.407161621413,0.760928936162
0.657119232398,0.413273542848
0.133897946585,0.482597101131
0.192436956676,0.419484427906
0.880751773531,0.275887683683
0.43370832239,0.0314806196913
0.894030031216,0.0795329847505
0.634463359065,0.971425825265
0.913114126406,0.0309583521517
0.270207110218,0.107706044911
0.405510302785,0.452742402601
0.167200263224,0.774538069856
0.348937993651,0.399165583598
0.297222764078,0.286549744756
0.419990070612,0.41024807778
0.515170391238,0.70889919961
0.111771254504,0.0930219125809
0.155430409768,0.096177298675
0.162630609739,0.031235050071
0.827031226477,0.801096628022
0.0238238243018,0.325000045177
0.626493733522,0.153222173581
0.171654071747,0.0673339771704
0.157489733866,0.64712466958
0.629747054072,0.267037513183
0.258061655203,0.415623156958
0.478767586518,0.91758998187
0.677491469389,0.319975463698
0.765552175494,0.442656775629
0.589401622708,0.656298081839
0.325130198039,0.500628767072
0.101063480469,0.847044481667
0.952416676605,0.901838616169
0.0447536322402,0.852873653161
0.842074077417,0.130669031552
0.720957732793,0.0538494285477
0.811860749526,0.802027144487
0.967648522511,0.433946768228
0.49690064685,0.431107705376
0.510374312037,0.815365923382
0.868373198859,0.0153643154369
0.668236800037,0.624194613458
0.611870590181,0.749591295429
0.733001151958,0.107406889948
0.710295057657,0.829111747606
0.0122635277741,0.319727030967
0.200159144681,0.0187950999608
0.868685680214,0.53761871498
0.736935718609,0.217602269882
0.124657680757,0.155878107048
0.845914042738,0.258456834656
0.617665208958,0.354460971065
0.440395570904,0.855173830174
0.734281477934,0.335665449529
0.897200485173,0.315795456397
0.750248835877,0.789832489127
0.360744124223,0.524492891708
0.459431940795,0.62452465355
0.729858009719,0.912140716855
0.583855860087,0.902359433913
0.99291392668,0.54573417683
0.252120024523,0.642513398599
0.729190871817,0.648275569784
0.0557088899725,0.188644426878
0.238583616471,0.245021888313
0.939107282836,0.668014855549
0.232193502121,0.165563089473
0.0483243540608,0.283011902689
0.336706751433,0.280695489341
0.719819274756,0.566988793285
0.103302683315,0.649361055359
0.310542069157,0.741360051269
0.488969263454,0.140896102886
0.182943468757,0.551475071262
0.284483544441,0.382070616756
0.785567192467,0.555985054797
0.877260286508,0.688038394166
0.153814410707,0.0995514631652
0.643321321194,0.535564969186
0.734296864338,0.554549908151
0.987632229562,0.981641875969
0.272159277621,0.791869569773
0.766115511226,0.840461432621
0.420338817623,0.927801397639
0.376776263227,0.71332436514
0.60237800876,0.363947278866
0.227883265043,0.685353525615
0.902331830855,0.398498289674
0.0964686397005,0.280607647188
0.400653519636,0.407057651832
0.637675068529,0.115150219108
0.112606480144,0.173543282881
0.165733297672,0.175759385038
0.00522510473795,0.274203271785
0.565691152191,0.992191830306
0.411067854817,0.846055637152
0.209471476605,0.939769726962
0.017020240745,0.0271332103927
0.362068801068,0.875315359336
0.566924473936,0.0351345764759
0.840350410138,0.162181179113
0.375997968842,0.0854004472401
0.931209218936,0.00623743097474
0.878456571453,0.168361986048
0.202257710745,0.220715302992
0.142346698342,0.143096821472
0.871589541514,0.417083658573
0.362676640315,0.245463607319
0.904910434267,0.584995256039
0.345232921829,0.197677023054
0.912919286706,0.20481040736
0.065328992363,0.630535714104
0.277094346921,0.177892159383
0.605091119456,0.456372055139
0.157070296834,0.57445643362
0.667231646307,0.69377665408
0.252143846917,0.518854814701
0.337513851122,0.92667385859
0.481221504739,0.570553136272
0.531386634858,0.998013231169
0.895938621232,0.987407477301
0.240387594504,0.482365976008
0.452806917739,0.701492063236
0.722585160476,0.418356031192
0.526688883679,0.465651718122
0.765595995076,0.494410440298
0.678034981126,0.823128315677
0.678279910408,0.364171594162
0.478443039352,0.466234548342
0.959269138816,0.435742678185
0.91358376061,0.909640949533
0.746547041699,0.202049230724
0.425148935602,0.645037648433
0.256784832041,0.160408239473
0.482243566376,0.599831510688
0.647344484423,0.611534184551
0.2914153757,0.348198625753
0.382920151718,0.204535240859
0.206932121935,0.458569192323
0.1283947097,0.109969038253
0.505490026554,0.0476372351802
0.402473369273,0.748682940704
0.974256998266,0.499876750612
0.257139786712,0.627954341528
0.144941294157,0.93049797314
0.755043728783,0.150658549197
0.0976725733379,0.926283324003
0.956053555581,0.25134283843
0.171865895773,0.689613996883
0.993702052402,0.257766165103
0.360860191202,0.35987047525
0.465424351943,0.262399919155
0.558906531933,0.831638716017
0.400360970953,0.280175026927
0.934488981191,0.549746053185
0.232703215476,0.347143504058
0.500942634884,0.0889334379206
0.0338323804079,0.71070445958
0.742003599815,0.470371217321
0.864316217848,0.588406143326
0.757362552628,0.935982506689
0.790363612661,0.310548698747
0.118971366029,0.0397706380131
0.39054790577,0.00745303332822
0.73790499512,0.451767616861
0.732229981331,0.497744154132
0.0148942285794,0.872126100032
0.920532323558,0.601059676186
0.699166293872,0.0606706235598
0.695716664939,0.0840004130099
0.320787866561,0.298530766758
0.841430260061,0.462896696847
0.0627238085544,0.242199867218
0.444360731981,0.94749226711
0.241322140397,0.775398668672
0.174942565964,0.642335960494
0.225584158758,0.771986936378
0.542520363805,0.892593454132
0.106781398693,0.189283655356
0.766247875433,0.335967269948
0.0694760920018,0.703088416547
0.135720276993,0.119193857933
0.502849019128,0.41199037542
0.173996732969,0.67056680857
0.415488063814,0.685160231398
0.382818993455,0.825862675897
0.574073216185,0.811830033795
0.626022603145,0.361690017903
0.387749496026,0.807446034063
0.0292267728254,0.173143829952
0.629537104044,0.743421797384
0.85235522085,0.771011037612
0.981483294889,0.919856606773
0.420941615091,0.788508872853
0.296019965634,0.928742441851
0.997163355205,0.734578844001
0.33454767611,0.9629956864
0.0409497408126,0.410001569447
0.510034877121,0.514626851214
0.224875881078,0.402237292508
0.71114799273,0.777582570581
0.718320131335,0.0167549041365
0.67554900185,0.241177909013
0.645712330186,0.380079203137
0.573500692781,0.224738226672
0.677382650402,0.902626349707
0.334590338333,0.0636615032025
0.939413089018,0.549045116254
0.831778859227,0.946201317762
0.874870002,0.520377583025
0.977310672775,0.437749773557
0.249728604222,0.868228793795
0.882021145225,0.0593835088112
0.736783751916,0.335132996284
0.860097570275,0.242931926589
0.580302544806,0.130247382835
0.883330084646,0.136012384838
0.647913041148,0.225573340635
0.756639293539,0.184194096309
0.758285031116,0.505990230412
0.708686114135,0.520607821852
0.556542271863,0.604432216091
0.228343844661,0.57574809219
0.263839419679,0.29945988889
0.49902338142,0.22825559672
0.618980295048,0.299567960859
0.186041414057,0.898719932663
0.435822453208,0.942927566321
0.414720072409,0.0105880254449
0.19921798781,0.835350350439
0.360186283017,0.846376922387
0.388208959332,0.296723738556
0.800726754717,0.0722886869587
0.875951628661,0.419866471599
0.328710123385,0.219920635309
0.59440737098,0.947945987889
0.35241895883,0.230668656205
0.247651993961,0.0910317883225
0.236714869523,0.644199968471
0.713449080045,0.416603794688
0.943643280785,0.166963497885
0.715709359454,0.405145307044
0.23937605476,0.194648614247
0.167613086732,0.977855322833
0.389424648804,0.608138188764
0.432369575751,0.810963885922
0.758586956252,0.0467387116116
0.641370670214,0.968821298466
0.850424908245,0.295674297408
0.610935283969,0.450364762098
0.584575202689,0.561768276682
0.733228107495,0.320819073764
0.432321756643,0.579102566831
0.00808864224097,0.271660162372
0.486147591902,0.180507644304
0.719072966647,0.105224800387
0.722851646349,0.822215200016
0.685592773078,0.917263864635
0.711677643,0.221188204727
0.822009306102,0.243280017278
0.831538393162,0.588852001605
0.512653247494,0.578983331632
0.39359571895,0.270470376214
0.46039367954,0.138056697402
0.619638180463,0.546859137455
0.673078414881,0.638266640395
0.923960408068,0.517146894813
0.0124760485096,0.880331708211
0.120975899846,0.729194467752
0.197423994544,0.123299686484
0.954745663262,0.0357107399263
0.0301994909987,0.448338377701
0.585702620458,0.176610075942
0.724677929702,0.939202159923
0.498480399006,0.121761716147
0.843480955118,0.942909283178
0.832822420582,0.56469040316
0.839746049518,0.376883654801
0.49967599626,0.0813024116243
0.324155203333,0.915651306201
0.85345237163,0.594156501368
0.905365547798,0.426927715206
0.937610717202,0.945870800692
0.569967831464,0.0502031863251
0.884661937862,0.911388328659
0.943053603375,0.472019675411
0.291293176721,0.0875129747667
0.879334823698,0.723020275395
0.801805617696,0.769066333855
0.817365460013,0.110989665873
0.338278084882,0.814170449591
0.734276112006,0.766756357985
0.759610719191,0.0669200347357
0.826073573583,0.0859126489482
0.822405339744,0.317088286416
0.212124113695,0.195905930455
0.0772263544147,0.498263007315
0.784602430523,0.65044117552
0.992043474042,0.771026751666
0.728289345706,0.411321179326
0.120809155631,0.37975830655
0.859649962706,0.335846702314
0.122516402287,0.531355007837
0.607447557903,0.118313549471
0.766310585983,0.507902904381
0.587137671269,0.0384027211211
0.215790148422,0.440468851766
0.104088628586,0.729878677956
0.216778087419,0.361279777758
0.0333944118738,0.253101532305
0.849054160099,0.533516844009
0.732130072836,0.207587653577
0.196178018798,0.583826683965
0.192001789458,0.197722976595
0.0992208347482,0.759558891807
0.0881806777374,0.888976877465
0.87055354074,0.161261863697
0.967394140356,0.340927770196
0.888996863343,0.0722745333999
0.143771072022,0.441395870707
0.0476720266526,0.269513655115
0.598836515563,0.131628919966
0.124468042375,0.401186579912
0.103120337431,0.652841129697
0.790425610515,0.473839177725
0.0653043275879,0.612307191563
0.239834473922,0.380034783791
0.192779595845,0.64047686676
0.818925964423,0.858543053591
0.771808671354,0.546607485048
0.555824839984,0.20300323147
0.015195031449,0.559249921523
0.697654313443,0.396022515721
0.642924345377,0.324995210504
0.352909686709,0.379267982187
0.846366472543,0.203551353133
0.967873844866,0.26027519325
0.490675651402,0.256698768123
0.477431064408,0.399266482509
0.374779253262,0.299513918538
0.021972871625,0.807578019642
0.451000752142,0.259760652537
0.188234372061,0.157908102824
0.949027336403,0.596694804834
0.262422579186,0.261249836351
0.993474375239,0.644683698834
0.163249283778,0.796834961001
0.436910031619,0.668905371989
0.587779606752,0.142655775999
0.123248782994,0.755309404862
0.239655779841,0.712799948282
0.0230559132496,0.975881375274
0.500490218278,0.428711888864
0.79498166708,0.410156306144
0.687159337503,0.024047355625
0.917658053851,0.548156130286
0.728629431503,0.941747978622
0.420310882742,0.104312365343
0.0337401327539,0.473213562942
0.575300167574,0.351869049388
0.488006406781,0.126759779578
0.161891176267,0.903527982009
0.177033489282,0.537273880185
0.328174410321,0.949128008418
0.0975539622597,0.230217529384
0.299227572919,0.361241179568
0.0964548884647,0.154672229412
0.865584561771,0.480789909351
0.159937535254,0.917178540179
0.723587848216,0.254010981366
0.876532751109,0.737951957884
0.994686386661,0.078839947854
0.61949069159,0.260299163553
0.152571779616,0.289963673481
0.726811769154,0.62871668104
0.313716082009,0.104641816271
0.123817008195,0.610208914728
0.475081584108,0.370879348073
0.096748671674,0.493352486737
0.264709995317,0.873605753148
0.694001408717,0.417432978402
0.919513676806,0.55904984461
0.829144435858,0.593374631441
0.943249381419,0.0888261789924
0.778001080168,0.041450465528
0.107285366004,0.808128175306
0.72615353816,0.594787743402
0.916436667175,0.395403936924
0.00545630562706,0.0716541174321
0.724018564586,0.259370512006
0.585158149993,0.439621807932
0.232137629173,0.743469161534
0.0304540305183,0.686603167099
0.749166495777,0.0835147097682
0.279503492589,0.923959219483
0.463503582193,0.583256878013
0.773834553328,0.85531194365
0.102996305,0.532711165921
0.206437491978,0.693770413786
0.944241752302,0.0468435539888
0.645687679903,0.641712385654
0.414708919506,0.627144703914
0.389872273496,0.986997997815
0.479871552141,0.824899194139
0.929706943882,0.741205152635
0.675077842955,0.703872990108
0.12927516685,0.272187170203
0.457455924483,0.423898936392
0.162751737342,0.32282351169
0.714891234548,0.0539997543136
0.63300601545,0.365539457551
0.935449884002,0.289798161985
0.96894389097,0.852729185702
0.210806497586,0.89707225393
0.310675389235,0.442311900262
0.433864383611,0.163215010735
0.510880192375,0.0520858342292
0.969200146158,0.421654608601
0.833787594646,0.307546053154
0.287126984599,0.604002812286
0.77209060398,0.328423040754
0.736388434494,0.105783323189
0.0735367812574,0.08972260801
0.28235826436,0.521486615753
0.299887118686,0.300529844109
0.50284926565,0.0417726149256
0.831788407803,0.568750251102
0.118051745632,0.977575647382
0.28809232499,0.232549597277
0.867468024255,0.748730224942
0.493294704628,0.878079413591
0.463289634312,0.0264416784806
0.72182256335,0.263670811513
0.323303687753,0.929784357424
0.62191164443,0.7638109875
0.53358082241,0.590484837697
0.766725610284,0.946285076874
0.709877000218,0.0281387326629
0.356994218927,0.773609435336
0.0333728039012,0.879958445654
0.672563414083,0.237147555181
0.436394006442,0.0290705111096
0.0705196128463,0.550269448955
0.226937363062,0.17895937942
0.946410532995,0.65294041785
0.0432855937727,0.296266066221
0.182952914198,0.958208827944
0.306241534474,0.608709909983
0.519817287527,0.907110765893
0.00501547138676,0.325989348587
0.17438154535,0.781770043635
0.389060160031,0.836988690649
0.528172585355,0.950006566842
0.442506032933,0.350135170672
0.736497515345,0.183329504928
0.640684855985,0.059552845465
0.725572494835,0.774186115728
0.132036638514,0.883485525866
0.0908157752737,0.745340662709
0.914915563668,0.645119431709
0.56713986039,0.719854728802
0.22158279925,0.301889363228
0.833517316663,0.0904960042787
0.58733907526,0.88547859187
0.0820148996048,0.17001649184
0.103496730968,0.106535805994
0.802417753741,0.625655661588
0.22369051111,0.43077767233
0.576734522632,0.698553968287
0.358587551261,0.359637570011
0.391788956858,0.162564041113
0.0419627833003,0.620173786143
0.460078419418,0.282966289244
0.448421957531,0.094903713148
0.386002059036,0.617858806241
0.931140908737,0.498288671614
0.245551642211,0.444782193858
0.214965629908,0.908022245054
0.930779363291,0.0523679564228
0.747412712467,0.439211068109
0.825579998179,0.590251301964
0.312504799644,0.0255349310187
0.880158522684,0.594645383271
0.298070469737,0.114719175028
0.554974321141,0.701251383716
0.621095108893,0.0165422491541
0.890341985736,0.435129914977
0.0722053891474,0.711222544032
0.472355480059,0.385407016556
0.552023933912,0.326765693043
0.238315288047,0.90767230091
0.804571345292,0.332956310386
0.290320207445,0.755803006562
0.772262295941,0.00608529525914
0.851193663214,0.447018956078
0.0967487364405,0.620713474788
0.320785166676,0.92908533793
0.803795604214,0.167945170188
0.773588102156,0.253262008203
0.287603462506,0.983830192967
0.114944756173,0.744607317942
0.745018014509,0.209409689403
0.882331311682,0.0891043665078
0.716863018049,0.000340862472361
0.710882001045,0.61855046015
0.378927680597,0.650063224116
0.666395572563,0.612234128324
0.201563830492,0.307891360086
0.874476971865,0.83551638606
0.336503761495,0.988451967787
0.946911459695,0.71225142398
0.205915805316,0.231418148946
0.477110542516,0.0748383236441
0.898071717806,0.408223692505
0.357040864832,0.453344302799
0.922926767843,0.91095714357
0.256477379809,0.549069716112
0.432668341833,0.0459184202579
0.524575714797,0.767555159984
0.772832104413,0.733952845653
0.203411345481,0.0732084592691
0.169047873887,0.00991493794397
0.755786458991,0.204566190189
0.435439435809,0.0926113027797
0.538374018544,0.408442301751
0.273131236914,0.950026782067
0.310416798701,0.669672433472
0.963777717582,0.697986442688
0.687387193568,0.783389479217
0.649937665958,0.409155080827
0.23398959347,0.956674967937
0.645730828534,0.00697296549391
0.375987572242,0.0411920985278
0.85727190214,0.220763413297
0.539107149465,0.200628585302
0.638376307229,0.651882274693
0.764767845868,0.525799882728
0.832552946912,0.761918887498
0.516758713968,0.852365885357
0.122710795721,0.140246529902
0.98988222501,0.130787456717
0.630684315953,0.639012400079
0.387077555963,0.435651807575
0.517018385862,0.476719057088
0.630426751837,0.0635222483097
0.229556971112,0.566873360385
0.562624723262,0.241547307831
0.0929656023825,0.209551488668
0.529649524877,0.382113577115
0.295815992775,0.0484316913684
0.0526360494174,0.812672358682
0.549794982716,0.933394133439
0.245712263018,0.138838380007
0.0300550167905,0.593496777711
0.5935444522,0.215212373641
0.408604049171,0.119733263267
0.147468427739,0.631145501845
0.315514945657,0.302200118809
0.600071279994,0.246679625479
0.0160314857341,0.305512513315
0.874002807927,0.875734829519
0.918643250788,0.193278274624
0.66984552859,0.492204595651
0.263168647799,0.643697721484
0.610021074927,0.144838682517
0.760971499712,0.910641236166
0.30898858656,0.099171182591
0.363497549454,0.849120130192
0.462270065889,0.763922123111
0.585370418541,0.975760207716
0.557090061004,0.782689972539
0.384705587885,0.449094677637
0.270279611382,0.253656197669
0.553028592677,0.671207045345
0.0357776221221,0.03914072508
0.0278432798615,0.533200317305
0.583223756354,0.549120104641
0.484005603569,0.560512036263
0.301002697181,0.914384590899
0.850937570765,0.500778064334
0.611559771001,0.609763695876
0.240842292262,0.159422392531
0.889945618616,0.391395294742
0.908753735736,0.693429084895
0.731630880559,0.182676076307
0.887718529533,0.793953817469
0.058480827729,0.89958512063
0.545394940547,0.696583180322
0.826425385171,0.230328086457
0.343271045432,0.80674203938
0.371215347509,0.65394579973
0.818789726351,0.774809342353
0.604712449529,0.924346690071
0.297850959268,0.428593257799
0.772687898108,0.761892826682
0.659608278416,0.125586846337
0.57846200158,0.965901099924
0.263922870054,0.0689728975004
0.0147673829256,0.603436689402
0.0521464454914,0.925108773111
0.884183973583,0.901208828447
0.64824476464,0.031026045767
0.56184358044,0.0775209475444
0.0821409588868,0.0556878213925
0.121444126493,0.528835699993
0.56687439259,0.776875557765
0.783241238448,0.298220796128
0.444632138669,0.508564791576
0.00526599855079,0.877290354636
0.497961744936,0.579119218269
0.231872480498,0.776039203193
0.361410174488,0.68433188818
0.515812931282,0.844288380755
0.53167820345,0.843615485901
0.32977859579,0.350086274829
0.708477208808,0.691556342388
0.111193596524,0.308979584016
0.128699283297,0.233264822013
0.372070529112,0.980280017942
0.371218745319,0.447119970449
0.0763992869528,0.371246545412
0.302649766241,0.36597435253
0.118529435749,0.656899529591
0.0776749937054,0.696256778188
0.235939114958,0.696828120628
0.448505475021,0.960432620618
0.389808788647,0.817913315885
0.93917239881,0.0373415552524
0.599646893867,0.25986194359
0.234235403292,0.511488834417
0.940798726432,0.0619246717318
0.959136627263,0.806592935864
0.900207905132,0.0503569334752
0.30073422186,0.12222782837
0.401547221382,0.173551806961
0.0691369069184,0.646967036654
0.533995589252,0.881954026989
0.156040596343,0.347876738282
0.582724706282,0.0809696208678
0.892253111431,0.965924434579
0.538183534244,0.827911042602
0.491684027646,0.0956666472307
0.40192076967,0.525550237455
0.732332176021,0.135278724447
0.440230661538,0.695651897137
0.632887693173,0.0840368739352
0.336436861621,0.047849071765
0.149617265136,0.209026150802
0.415183353527,0.500840751962
0.822880530934,0.77770131366
0.499964371665,0.309455827362
0.132885969376,0.883373484317
0.456280474055,0.618468992786
0.695483177596,0.744937130372
0.823410474576,0.490569016977
0.433248223929,0.752909223649
0.361349991047,0.0545869507795
0.815945293482,0.653180247048
0.459105594356,0.980293730088
0.676197064514,0.133924729855
0.350773721276,0.534994590663
0.792381280008,0.852352905781
0.591308912129,0.0772845020588
0.374959938893,0.33805598272
0.880185083664,0.153537966928
0.263527896497,0.0472841813031
0.4658981627,0.161441947137
0.976524712651,0.431432751921
0.90590854784,0.202604233316
0.571584730387,0.741089060086
0.794794334562,0.665525173303
0.999019861919,0.716292198264
0.611760714468,0.874793385336
0.718217829454,0.130311153527
0.769009865186,0.150670403795
0.148673781143,0.290459996472
0.746578332019,0.584311588969
0.346049561901,0.800964851875
0.0940438579363,0.297239012782
0.848251417038,0.362405523778
0.326257341424,0.535130232661
0.908581378545,0.962089518689
0.0792786148343,0.948469765202
0.960775209143,0.349370981997
0.0180786587412,0.352813378788
0.7704602911,0.122517545772
0.244727390776,0.119606663389
0.0341640481465,0.837650629196
0.596819527102,0.876715766042
0.123376381549,0.680046726658
0.575045410953,0.837791214717
0.480361663056,0.287480149129
0.508182439713,0.477176257533
0.6861235922,0.944157737471
0.366611509082,0.570804743931
0.355204763201,0.557779954429
0.91260179688,0.329530812268
0.932381901121,0.76867214729
0.726682821505,0.80575558042
0.543930218999,0.205706048306
0.989690059191,0.283271578891
0.28322169299,0.527610382014
0.411210472578,0.0868386119675
0.458510543169,0.33962384508
0.914676624682,0.894149765675
0.605632764002,0.712715192485
0.588085873248,0.231020520286
0.756476448214,0.271631575767
0.365629282706,0.842905188356
0.365047994154,0.048148788858
0.0237817473264,0.7312375532
0.045261593185,0.995713048379
0.99279856095,0.419592944232
0.24758002619,0.807596179881
0.73026954337,0.940042577044
0.217242684398,0.947733787999
0.598582268499,0.552783917385
0.624289294056,0.270976088174
0.370974913567,0.884366587931
0.65832130518,0.864214919448
0.286972987553,0.0733705001566
0.13515651179,0.258318132245
0.494251947893,0.191754407342
0.678584370388,0.778166686309
0.713075213499,0.727834349048
0.570185240514,0.744472723226
0.884778425065,0.639040439652
0.943391840655,0.559947370754
0.667475660423,0.475914447907
0.551002325949,0.754524601139
0.998339626662,0.0476020138443
0.546828775045,0.409379968714
0.929451175193,0.154916201049
0.823714883607,0.13041882211
0.772857464051,0.892748197153
0.746510517647,0.949445383623
0.600314425109,0.280963661724
0.867424377627,0.74972447582
0.838434704245,0.529068743072
0.842288426257,0.115174955112
0.919636133949,0.225921457762
