0.496271307841,-0.342753486381,1
-0.166299562005,0.922342089051,0
0.718956008655,0.66529038471,0
-0.337840037333,0.912074314589,0
0.103768466495,0.116945884252,1
0.702804076773,0.667719759441,0
-0.614903500465,0.881684227682,0
0.66783489544,-0.456814708225,1
0.803439193815,0.768418566538,0
0.43451942722,0.833548263335,0
-0.451525899392,0.867687892437,0
0.573178884489,-0.413433330237,1
1.56641699225,-0.440186061043,1
1.39625768928,-0.353635292866,1
1.01196917695,-0.562964375871,1
1.07186613576,-0.0339287325434,0
-0.0677048884041,0.985936551859,0
1.73963639556,-0.17303883261,1
0.214441475634,-0.12879011886,1
0.984291967999,-0.469512914682,1
1.99886698524,0.349441402675,1
1.13200949632,-0.548605572662,1
0.0825108223404,0.989595941517,0
0.713686156054,-0.499898526564,1
-1.03617969378,0.389092783786,0
0.475082268611,-0.369990180599,1
0.18580060987,0.952637593855,0
0.119730857746,0.0224060857705,1
1.99365507335,0.445478099665,1
0.637445824009,0.747900660072,0
1.06819621308,-0.482278100985,1
-0.148473533754,1.05031275849,0
0.386806774566,0.980657371244,0
-0.178671409663,0.940450454623,0
1.28225842005,-0.396342682583,1
-0.980326277927,0.100862997405,0
1.98737731454,0.464476588175,1
0.12674757548,-0.112373102134,1
0.444393794131,-0.291782626762,1
0.615013111669,0.724495280457,0
-0.907855535008,0.515206397744,0
0.00688954165125,0.971489117494,0
1.81550076831,0.00544186680877,1
1.97381122475,0.316883896879,1
0.88813883982,-0.557867083264,1
0.0131694313619,1.01493027958,0
1.95863742721,0.154445750665,1
0.466268927736,0.879143838098,0
0.423976820242,0.988572215287,0
0.669983765399,0.789332731367,0
0.549955535636,0.826760298213,0
0.652881042361,0.678938571233,0
0.167620133556,0.124024881417,1
2.0219830788,0.289367022337,1
2.03631181098,0.392122784248,1
-0.705304116132,0.802209442704,0
0.721721239889,-0.446847131361,1
-1.05725223741,0.288871342097,0
0.538738185212,0.707988151652,0
-0.730453336225,0.641255187625,0
-0.0850584026211,1.04061691516,0
0.446516798672,0.817575473312,0
0.895366620837,0.414274478245,0
0.299042302949,-0.121881919088,1
0.340814514428,-0.268885782212,1
0.64034344811,-0.425106723608,1
-0.104820554505,0.874744548231,0
1.0258075468,0.0308713838635,0
1.50008337051,-0.388379593438,1
1.0585565834,-0.486871460785,1
0.153142636112,0.143905962592,1
0.698831699863,0.732749834856,0
0.337856999997,1.00180556229,0
0.582375816197,0.779731100596,0
0.516630642648,0.908242053919,0
-0.0121607305822,0.549716814792,1
0.37741528255,-0.209377158248,1
0.398307413437,0.876079772869,0
0.0796087194065,0.40701683868,1
0.932145814953,0.253114418517,0
0.390304220295,-0.209081660598,1
-0.548918653448,0.775369489317,0
0.601761218254,-0.472309665802,1
0.330164247011,-0.214821234334,1
1.87019758047,0.0732659061133,1
0.23989761541,-0.0510283473705,1
-0.173535712139,1.00931847282,0
0.596136487594,-0.400319379379,1
0.573521262439,-0.352605258458,1
2.05651566624,0.16941014525,1
0.608282626601,0.76834939565,0
0.00909415324444,0.943834904833,0
0.940722135005,0.280645491272,0
0.460975056477,-0.396293061749,1
1.59281640272,-0.425293631727,1
1.49564416127,-0.381199328055,1
1.72136735331,-0.131403376715,1
1.57597722645,-0.286959849948,1
0.0200877002893,0.569959224462,1
0.811550653315,0.576702102637,0
0.0555501470956,0.272523491547,1
1.81947454754,-0.0545815418121,1
1.10355781716,-0.453436964979,1
0.409391515612,1.02525155794,0
0.737368737891,0.751975172262,0
0.872073802211,0.50496364143,0
0.785828726869,-0.466771344275,1
0.962391961954,-0.564114831741,1
-0.110209563984,0.953937923224,0
-0.070268425133,0.997614462045,0
1.37877401457,-0.458579215772,1
1.73832802112,-0.388595162238,1
0.639143575208,-0.496514825923,1
0.078785962602,-1.82858224395e-06,1
0.0400869437143,0.0902683520253,1
1.57689556194,-0.287796689217,1
-0.200911834418,1.06332592342,0
0.998387140836,0.144506204512,0
0.323511929258,-0.122834211043,1
0.264925794519,1.01529027863,0
0.100261245538,-0.0656024904424,1
1.65893039581,-0.317579868711,1
1.94750517726,0.131751044799,1
0.983862294542,-0.484428560286,1
0.157344756213,-0.0177648619339,1
0.891421118246,-0.564348118845,1
1.66091816822,-0.357718249837,1
-0.800243622177,0.655224200615,0
-0.887394311495,0.572426057447,0
0.192675519639,-0.208585052151,1
0.436820710873,-0.373581502934,1
1.54449181148,-0.292623577065,1
0.781851288612,0.650671663721,0
-0.974938244718,0.42330340979,0
2.05708751947,0.445393593179,1
0.10428272099,0.139031152981,1
-0.900359556914,0.514926179121,0
0.1101229164,0.152039610413,1
0.132427545058,-0.100306923854,1
1.58899709097,-0.316329720622,1
0.63597863197,-0.299897536428,1
-0.931900187749,0.393856401211,0
0.439266577296,-0.440380955516,1
0.141520619543,0.10624561963,1
-0.918870188832,0.431856031478,0
0.962586574408,-0.431892296695,1
-0.217579219429,0.993247161719,0
0.800561795783,-0.441895294939,1
-1.04042347258,0.0471030591416,0
1.04442800352,0.208865482494,0
1.81026509913,0.0776126535328,1
1.7596035621,-0.00913581430042,1
0.902234529444,0.578826155609,0
-0.0122098826247,0.400599068665,1
-0.821795342385,0.444679868249,0
0.193362886277,-0.173325101129,1
1.71310002375,-0.297758382702,1
-0.967451994833,0.222840370604,0
1.05590539652,-0.589195039439,1
0.504377876343,0.887086861411,0
0.547195004323,0.819841314087,0
0.299226491879,-0.193671105049,1
1.48753711811,-0.376295614923,1
0.835609161446,0.513659310729,0
0.65815351669,-0.423460871716,1
1.23334167913,-0.417314496647,1
0.809140681071,0.420954739083,0
0.746324459079,0.693302577095,0
0.949127624727,0.445078042218,0
1.05458654809,0.125272876079,0
0.517902150533,0.890200735223,0
1.76882870534,-0.0514710337763,1
0.205700965034,-0.161854075695,1
0.739271373543,0.680402304717,0
0.262667238733,0.935655124342,0
0.342982783065,-0.260147654176,1
1.4759115825,-0.406119242668,1
-0.504363700819,0.856305386747,0
1.91348403925,0.238541631906,1
0.00402296045366,0.17547211826,1
-0.554247160478,0.674362836651,0
0.970431911424,0.213194457753,0
0.928016727567,0.114637844623,0
1.11442378109,-0.505298916091,1
0.413874808795,1.03799140887,0
-0.909651204268,0.566536968155,0
0.129417106161,0.983639593912,0
0.25208664036,-0.173060766898,1
2.04695888642,0.181121889802,1
0.668592342318,0.790053448364,0
1.04094309065,0.0459803711669,0
-0.942210764121,0.466921032311,0
0.899338686668,-0.583971015364,1
-0.948669308352,0.430537890378,0
-0.0282743931561,1.00848025053,0
0.37759566669,-0.349484188919,1
0.177069684433,0.978918824447,0
2.01013684889,0.261437972075,1
-0.411131003643,0.892557617216,0
1.30685517623,-0.507744695821,1
-1.06035709187,0.0386465997783,0
-0.736547730794,0.808592347047,0
1.91021161964,0.181974679251,1
0.877901105798,-0.447352820871,1
0.852328280197,0.416397708624,0
-0.369798604261,0.969104716404,0
1.33188587913,-0.389373431953,1
-0.0202688579199,0.17674583798,1
0.466893780152,-0.34157536114,1
-0.488443954823,0.868593766469,0
1.58397880489,-0.333800390414,1
0.680046276747,-0.516741242825,1
-0.433419594658,0.840947047847,0
2.04773671071,0.115774949785,1
-0.0253816802898,0.204912109203,1
0.0408677865446,0.437196667326,1
1.40934716162,-0.322897440199,1
0.241290313927,-0.148644139812,1
0.547439036054,0.79283925833,0
0.419439298955,0.934154852913,0
0.990374105535,0.317210174777,0
-0.932609216419,0.226892056565,0
0.964144940003,0.154370223522,0
0.365349764073,0.880556350146,0
1.96625025416,0.282547715639,1
1.38200815089,-0.428482216069,1
1.77457046048,-0.0790927434611,1
1.27936178471,-0.475286815009,1
-0.327030024669,0.942493536494,0
-0.846831474095,0.598684216568,0
1.82117639655,0.15414431039,1
-0.297012389916,0.964663636669,0
0.284677945433,-0.246231794367,1
0.0366190095338,0.871614616864,0
-0.88268588571,0.561392988035,0
0.463534263866,-0.405212003849,1
-1.01928891104,0.0965810109755,0
1.18657971725,-0.503268795058,1
1.06419936822,0.20349200616,0
-0.0140801763221,0.984261860849,0
-0.260530744009,0.937733563051,0
0.47611851353,0.888052885614,0
-0.899156126375,0.370779832558,0
-0.967527153619,0.198585696713,0
0.0805160558617,0.304394100232,1
-0.15279517839,0.994968198353,0
0.134036643239,-0.0263781207676,1
0.342459857664,0.0486160525842,1
0.789415987482,-0.523685357395,1
1.75876815226,-0.136356243148,1
0.380486895022,0.954451430517,0
0.291564508581,-0.184119050548,1
-0.571588615033,0.771130523085,0
-0.078581543645,0.267424098259,1
-0.8972960231,0.40556288346,0
-0.734993333412,0.686952318494,0
-0.0826535117987,0.991224277735,0
0.358198692792,-0.181583439028,1
0.458459467441,-0.396925334323,1
0.172811111028,0.984229230993,0
0.740392872023,-0.470820954255,1
1.00605469013,0.239333491931,0
-0.431573357218,0.914546239261,0
1.69660703106,-0.309738428764,1
1.93228860121,0.376845788435,1
0.929764524856,0.453515663701,0
2.03558773042,0.568314539141,1
0.976158202512,0.124099436904,0
0.463355149471,-0.424724738978,1
-0.601508538941,0.752202813845,0
-0.562183299244,0.802706425264,0
0.572949110932,0.839056553657,0
0.405519370135,-0.279835516937,1
1.35751828102,-0.454862296258,1
0.0966380129689,1.01599995996,0
-0.890865791096,0.537475684094,0
0.0862661269721,-0.108600746765,1
-0.282772072162,0.980813544884,0
0.471907158452,0.926533390175,0
0.366001415696,0.864811969588,0
0.657706695143,0.909999222107,0
0.563239589444,-0.350303642845,1
1.00159374022,-0.56499354963,1
1.21481566404,-0.449014209357,1
1.48630593434,-0.40268779503,1
0.874145098803,0.154797496686,0
1.83647769593,-0.104013612886,1
0.0278956311203,0.289414614757,1
-0.0253243302217,0.509604881487,1
0.616037597303,0.9194429334,0
0.0283604076835,0.46453828043,1
0.752592298842,0.689398935824,0
0.590992290465,0.717414918938,0
0.0174167383054,0.978640557762,0
0.623179631267,-0.385545604749,1
1.9639361771,0.0731098121505,1
-0.809626190372,0.504688709447,0
2.02301180539,0.398102861163,1
0.282128863977,-0.168219476158,1
-0.135410540654,0.934844762953,0
0.927352213853,-0.570733860585,1
0.701811950591,-0.566872168144,1
1.92513725641,0.111726633225,1
-0.831710986819,0.413158510891,0
0.381554676013,-0.33327945288,1
1.90129593014,0.0318726750411,1
-0.571051637765,0.790012228746,0
-1.03099617999,0.0549775372001,0
1.64537396272,-0.130236087367,1
0.805682024291,0.544531182932,0
-0.994893753184,0.159745173204,0
0.126796317817,0.142265096061,1
0.0505462666231,0.0104172455926,1
0.263522783165,-0.167431036738,1
0.921280438555,0.268061972854,0
-0.656304987649,0.601641040158,0
-0.143498995126,0.97720374129,0
0.945684630926,0.585950607898,0
0.0137089480096,0.509968144001,1
1.72995058185,-0.213764764313,1
1.75985526757,0.00596831480159,1
1.15555449485,-0.474210919201,1
0.195909301868,0.924521955478,0
-0.931949265464,0.384193469918,0
0.20064287375,1.05685640884,0
2.0303312882,0.517385366138,1
-0.785892079348,0.557836887729,0
1.93670541592,0.0582747983909,1
0.088426863453,0.158999846479,1
0.366030450874,0.97237127742,0
1.07858476295,-0.460589968834,1
1.25650666196,-0.459344178237,1
-0.946476743147,0.0850860270896,0
-1.07392474396,0.177264449005,0
0.118155285582,0.129063225045,1
0.0368587796446,0.302329147451,1
2.05037989875,0.157712839722,1
0.0531947030987,1.02537616953,0
0.0191308323646,0.275516751806,1
-0.0575671958621,0.414117228657,1
0.174004325782,-0.151689032025,1
1.96309623689,0.340024019104,1
0.792812804939,-0.429731663662,1
0.542304551812,0.792846730029,0
1.03070398911,0.020613246637,0
-0.87039432816,0.580659957953,0
0.947174285907,-0.0262906542427,0
-0.0359145360186,0.235092238894,1
0.912322576918,0.430157731893,0
0.39332243224,0.871470913902,0
1.61667218478,-0.278859730783,1
1.89879624248,0.319587904279,1
0.143080658038,0.908479486041,0
0.833447961207,0.460589621232,0
0.5663701157,0.795584785083,0
-0.795690130563,0.478968405644,0
-0.521797532231,0.763925249284,0
0.463918349526,-0.42747463477,1
0.972411268499,0.172115494485,0
0.32891412076,0.989370202113,0
-0.330882373685,0.879693412407,0
1.34019505594,-0.452956214529,1
-0.356462067534,0.927992316135,0
-0.223078473601,0.927489815173,0
0.20680314377,-0.0433729261312,1
-1.05968512404,0.207519697489,0
-0.886411550218,0.239991888321,0
0.727927775204,0.569232422623,0
2.01409658989,0.407058485533,1
1.10875529584,0.0753162195501,0
-0.923453781567,0.0497427263143,0
0.407517854715,0.917457327946,0
0.906429009958,0.078530634486,0
1.61075998885,-0.27486308292,1
1.06839852734,-0.557376024383,1
1.84304667306,-0.0284016104212,1
0.274463643948,-0.211134328925,1
0.914474999899,0.229287717938,0
1.3839103359,-0.409745987701,1
1.86266785357,0.396776776513,1
-0.0126248453496,0.462519121083,1
1.68978164563,-0.17856573535,1
0.262077723314,-0.241627352719,1
-0.0478842861498,0.973582531561,0
0.880122056679,-0.52989323233,1
0.902445368075,-0.491365329739,1
-0.0190431583668,0.0408727847233,1
0.707513990645,-0.391040547737,1
-0.724897136193,0.693954339232,0
0.372070022453,0.9143031293,0
0.927815299789,0.355252071093,0
0.794788002159,-0.532710054773,1
-0.957853430269,0.179511672118,0
0.735042315155,-0.526674591288,1
-0.844149146342,0.537471740205,0
1.58507298517,-0.250572771789,1
0.875331834109,-0.485009820876,1
0.79675811043,-0.493820365611,1
-0.872318687113,0.258631984152,0
0.603285927263,-0.335369928944,1
-0.695869784435,0.646880154378,0
-0.498993447755,0.894351893198,0
0.162071564096,0.982262132096,0
2.00765244899,0.28363148117,1
1.97868920909,0.382973688989,1
-0.805040146027,0.470931980461,0
1.96241090008,0.161135597956,1
0.930353883671,-0.537601728034,1
0.934005934692,0.0674049981234,0
-0.754532020621,0.54048588109,0
-0.604119480131,0.71675468987,0
-0.974534399148,0.15793358616,0
-0.0552936598198,0.985907550717,0
1.69304725704,-0.202095763965,1
-0.811544138473,0.595922706496,0
0.988753346351,0.259067979004,0
0.910798400866,0.379193470248,0
-0.682959663495,0.750650224237,0
1.19071995873,-0.564751041062,1
1.68254540454,-0.261579389388,1
1.04794594202,-0.427851498023,1
-0.868704448012,0.378066482026,0
-0.613038277434,0.816375405944,0
1.64279774446,-0.240746966161,1
0.716390596626,0.720832185479,0
0.0146377704751,0.423204725594,1
0.128032832293,0.956121959583,0
-0.478290861749,0.912955305225,0
1.06618124685,0.0761448782467,0
-0.775598467894,0.623021554402,0
1.02481872609,0.0581898482016,0
-1.01653821096,0.131742681633,0
1.99353538291,0.373910296699,1
0.484023393722,0.906796580964,0
0.643276768892,0.716529658354,0
0.250730706544,-0.0751917809069,1
1.28240218038,-0.457560768135,1
-0.65843979527,0.7731629113,0
0.6478030094,-0.494806619003,1
0.858833414497,0.481915739164,0
-0.982523278492,0.330829146136,0
1.05594929696,-0.526800404206,1
-0.481049009583,0.99891385919,0
0.0114697270933,1.01056008857,0
1.91993459945,0.0497741014375,1
1.01151166102,-0.11470978861,0
0.870944922798,0.548584588161,0
-0.539433254053,0.897176504043,0
0.0239659635182,0.0478613294113,1
0.0867633045315,0.968948270145,0
0.792762175605,0.667083744526,0
0.803375357178,0.553578375842,0
1.0473470106,0.197931119859,0
0.27313620947,-0.208467439867,1
0.463516299771,0.931922781062,0
1.00158321944,-0.527385767963,1
0.263144135318,0.834716891495,0
0.0409922616865,0.89619837203,0
0.529531245524,-0.33357195752,1
1.84952469785,-0.116135342037,1
2.01001281206,0.341518932528,1
0.95468702516,0.056256394562,0
-0.961819174542,0.555229188866,0
-1.03734996566,0.178098355183,0
1.95909963052,0.281156789969,1
0.544748148949,-0.375624118511,1
1.71384515552,-0.172760909139,1
1.9485177613,0.193389425123,1
1.58546166399,-0.303281269023,1
0.887551081423,-0.496035598394,1
0.0174875828756,0.961959088064,0
1.00760217313,0.131019384614,0
0.765145036527,-0.510643052909,1
0.188689313571,-0.118159487384,1
-0.0161147583845,0.23516133306,1
0.837374543638,0.375398453563,0
1.97445329777,0.550002241388,1
1.86991289239,-0.159720571368,1
-0.051453776561,0.221527959687,1
0.981590151767,0.134118621445,0
1.47660926111,-0.368614813156,1
-0.623377581305,0.783102068932,0
0.623551068957,0.791506973981,0
-0.615059209714,0.748300440607,0
1.50905031986,-0.383067962588,1
0.971287068833,-0.404529668026,1
1.67055038099,-0.266694051559,1
2.0579355807,0.172495031745,1
0.392839843134,1.01272278573,0
0.611676702183,0.798971796886,0
-0.630366703993,0.909643233576,0
0.0854402720081,0.00451671024736,1
0.66612709401,0.825488483962,0
0.414683017099,0.919745878969,0
-1.00173648762,-0.0536923872868,0
2.04280466823,0.504148111468,1
0.737136988208,-0.4252871073,1
0.888801662588,0.554820131179,0
-0.791947023031,0.641674687886,0
1.5163045555,-0.409061321579,1
-0.840593031169,0.539072286446,0
-0.105038909276,1.01180613834,0
1.3696227407,-0.547645501882,1
0.0422573719647,0.254584952128,1
0.81132266802,0.683291554262,0
1.57642328518,-0.26208169541,1
0.184115027278,0.931667849351,0
0.946175136178,-0.470095413983,1
0.256001643167,0.969495553378,0
0.12346329497,0.998779180873,0
0.779836073843,-0.406278085386,1
1.29975072771,-0.458159651288,1
0.246293649485,1.00684593522,0
1.258167481,-0.51040098238,1
0.99152654312,0.151969488481,0
1.42980869417,-0.37591058367,1
0.168438522311,0.036398294455,1
0.817818432748,-0.439427726835,1
0.250525998037,-0.16725457487,1
0.0282266104901,0.452055853972,1
-0.176510932426,1.0066258783,0
0.669382917041,0.737935029459,0
-0.778768222713,0.689070294493,0
2.01420934366,0.348268233552,1
-0.668900546461,0.631334440645,0
0.700042986168,0.775121532963,0
0.127050776199,0.966583400835,0
-0.615549954763,0.803913732373,0
-0.638228768171,0.784227077498,0
1.63793644638,-0.255957945902,1
0.601377672675,-0.3688172689,1
0.977976438149,-0.535715025772,1
1.93356497288,0.315331530643,1
1.39258928415,-0.299979016945,1
-0.988392333079,0.225843690706,0
1.81028005273,-0.101660171796,1
1.6588573626,-0.289554645498,1
-0.510121582055,0.9968183604,0
-0.398897416185,0.834219925804,0
1.50383123865,-0.270006142998,1
-0.297766253815,0.931551405273,0
1.03848095493,-0.574859372194,1
0.595492415566,0.725706735544,0
-0.788433566638,0.711187315411,0
-0.961470245395,0.252441713278,0
-0.013058977077,0.918063573712,0
0.84695864224,0.620696419267,0
0.594875106812,-0.415357410005,1
-0.978066055344,0.463218352307,0
1.19043224841,-0.517136135142,1
1.87825183584,0.00296047009305,1
1.92482023391,0.123009147248,1
0.954405323837,0.379896007858,0
0.40574831762,-0.322683289207,1
0.0890290068989,0.148671291955,1
-0.336937392547,0.884797980908,0
-0.117015863024,0.918930755496,0
0.396080291434,-0.334714692915,1
-0.921743412636,0.308865379494,0
0.850389215842,0.43095801136,0
0.389592847057,-0.277221710742,1
1.97156199736,0.352262086333,1
-0.703930337085,0.723666550803,0
2.00382626013,0.110408790459,1
0.0569228928199,0.112895124954,1
0.861733577862,0.705571486372,0
-0.747621312199,0.702979979826,0
0.0491769377718,0.252772998674,1
-1.04425183606,0.210781869051,0
1.91826701495,0.106200744119,1
0.0154923856667,0.216828528539,1
-0.411690113814,0.895505708265,0
-0.144124011132,0.942843189478,0
0.444993207249,-0.342964322342,1
-0.997800277517,-0.0227694556105,0
0.783241247688,0.632166955806,0
0.0692389455047,0.488263008744,1
0.0805230272533,1.03461092087,0
0.416876337251,-0.287566806321,1
0.920496986062,0.108863438499,0
0.682463294084,-0.432382088758,1
1.59984142974,-0.138062746634,1
-0.615892441823,0.763435153913,0
-0.0615843692311,1.07199431877,0
1.91442069232,0.0673443949916,1
0.510691211776,-0.295095819042,1
0.236741477351,-0.190954787845,1
1.13179959466,-0.479508553743,1
0.739476456224,0.653668648836,0
1.79272202369,-0.198557323405,1
1.57235889358,-0.41564071881,1
-0.165740348846,0.934406604032,0
-1.01776500459,0.233728849291,0
1.00205210351,0.158602796115,0
0.0791193140072,0.0845630832776,1
1.0148445877,0.0469797890295,0
1.81607769549,-0.144205108776,1
-0.98071536546,0.17149511457,0
-0.703285162816,0.717881896016,0
-0.959210674584,0.262014221066,0
1.16008843256,-0.458143233445,1
0.00561263671688,0.315027559847,1
0.615970181858,-0.479113029715,1
0.859001776833,0.526447299944,0
-0.405013648293,0.866729523344,0
-0.927943647054,0.120512852387,0
0.847124866574,0.428229361094,0
-0.016591189524,0.386430898889,1
-0.0942867770447,0.252716642682,1
1.22094089494,-0.534576320573,1
0.7265824421,0.6425652168,0
0.307359650553,-0.178594957081,1
1.12144965195,-0.429976396245,1
-0.895723936363,0.464041281954,0
0.941708100095,0.338417412844,0
0.0694263884203,0.168461544464,1
0.824393630128,-0.472336874074,1
1.14064830963,-0.493586260581,1
-0.791806812177,0.59029185423,0
1.74310935127,-0.110035643846,1
-0.199135972856,0.987621664805,0
1.82061476449,0.0109746573195,1
0.0795419563553,0.95259094007,0
-0.546313941611,0.779701393693,0
-0.919637411983,0.274296795162,0
0.183059115237,0.969701934923,0
0.29005613885,0.859715919202,0
-0.270504724765,0.964013127903,0
-0.660529957706,0.714735147345,0
1.7627700804,-0.187882234818,1
-0.373096871167,0.866082947002,0
0.523990306429,-0.39650234684,1
0.228475313929,0.932237161743,0
0.806318049707,-0.439653498811,1
0.0407534074654,0.237637380119,1
1.09917838013,-0.483576973632,1
0.858105987252,0.591586155744,0
1.2718528022,-0.369147560347,1
1.62661095588,-0.323549733681,1
-0.123638773753,0.502025416209,1
0.130780320625,1.00930476954,0
0.243747409165,-0.162773107121,1
0.0104250889495,0.566818391835,1
-0.508881453736,0.957991371706,0
-0.593270774783,0.753623728945,0
0.268535016558,-0.204691694378,1
0.418662817114,-0.342012988163,1
0.192743103542,-0.0915166652397,1
-0.911233408633,0.235734023384,0
0.878684519051,0.452581693557,0
-0.236781167642,0.973836425551,0
-0.773232663766,0.640352147834,0
0.436380197794,-0.270299861401,1
-0.909861043339,0.415215573713,0
1.68427123991,-0.280306273431,1
0.184935700267,0.968389193795,0
1.05257040087,0.178306436931,0
0.694703109064,0.711501009252,0
0.286334892768,0.93323985002,0
0.65287702255,0.636946263562,0
1.823728398,-0.184587770683,1
0.790306203016,-0.510648977076,1
0.356343539032,-0.254518484237,1
0.0970821267088,0.18790804707,1
0.475781884084,-0.274717352374,1
0.231006995002,1.00577444809,0
1.7951219589,-0.117099016186,1
0.801095049316,0.567066334276,0
0.946899827249,0.240960696471,0
0.637972195218,-0.366622686176,1
0.304444614944,-0.310947839043,1
-0.00180760885785,0.451750400556,1
1.81047369986,0.354936350029,1
1.01338876192,0.238449217474,0
-0.798494944022,0.460701174132,0
0.75156649906,-0.415832468908,1
0.247444646097,-0.177784308924,1
0.122301998448,0.258486665427,1
0.201178769559,-0.173880658696,1
-0.837225204056,0.669823790267,0
0.783700511652,0.665508739587,0
-0.0180396533617,0.37010909872,1
0.437818239495,-0.347291373713,1
-0.195249194467,1.07267425756,0
0.0603872756835,0.278019485153,1
-0.91369456647,0.429942862039,0
1.45796936255,-0.290434588299,1
0.070242383598,1.07692254142,0
-0.477699789214,0.934233344395,0
1.76587588684,-0.226672533506,1
0.592394465495,0.837985935738,0
0.950504527837,0.419898469477,0
0.123299641808,1.01298584782,0
0.624291025681,-0.421913576826,1
1.3437484165,-0.465895036973,1
0.65088131365,0.698265930333,0
0.844325116911,-0.423582431442,1
0.269609486593,0.830783595978,0
-0.123863222385,1.09888479686,0
1.70233567848,-0.181973694044,1
1.36133949689,-0.412906398136,1
1.06288289403,0.319179165856,0
1.86966933455,0.23435649901,1
0.689880758627,-0.357274626255,1
-0.48456910025,0.882116868238,0
-0.0289647999691,0.400625593201,1
-0.918874310407,0.469227384835,0
1.11343325651,-0.500161026584,1
1.65272170077,-0.219777340484,1
1.88037845632,0.279036538649,1
0.905363891337,0.413703595775,0
-0.630856140776,0.785450202103,0
0.981789539539,0.172253928326,0
0.414366441676,0.9149701804,0
-0.0221599189559,0.919562138839,0
0.888195081231,-0.436918721045,1
-0.0412946670492,0.14508531545,1
-0.899382812175,0.418387124122,0
-0.50661141549,0.886181927115,0
1.10255741896,-0.49232831205,1
0.138441227163,0.981427578399,0
1.27233983331,-0.441868372503,1
0.958766802956,0.232283781843,0
1.35193530431,-0.466712516536,1
0.772700949209,0.661287502629,0
1.82729241164,-0.0728497663023,1
0.0979166998109,0.0141836522669,1
1.7792441098,0.00171623765176,1
0.209754901561,1.02134253536,0
0.731039428812,-0.465005692917,1
1.13254914907,-0.472395115944,1
0.088217367125,0.924142751008,0
1.68141116387,-0.125957955799,1
1.77332387195,-0.06714755478,1
-0.417046923169,0.938814779373,0
-0.940900620231,0.401605349176,0
1.0633088328,0.26684550139,0
1.92671673145,0.27395117641,1
1.61818084723,-0.322080523467,1
0.928029217385,-0.481318759511,1
-0.996930795855,0.294634363194,0
1.46684807292,-0.42706770667,1
0.145702123175,0.978155772619,0
1.86371398204,-0.0914112003075,1
0.313786436947,0.962891104643,0
-0.0155163478929,0.371711323046,1
1.81446633249,0.10411167969,1
-0.703468567135,0.829161545143,0
-0.219408816032,1.05691176864,0
1.84716414568,-0.0679386674915,1
1.64908180989,-0.43006883788,1
1.9636439279,0.0957399613697,1
-0.233575695928,0.912698964753,0
-0.254143728974,1.03461102285,0
0.947021955186,0.359080594506,0
-0.495803544415,0.776956976245,0
-0.0102192487814,0.0946841766197,1
0.134275498979,-0.084927215505,1
0.385201253314,-0.217823683977,1
0.14711292734,0.920659230504,0
-0.552964068678,0.813834518432,0
1.91717546548,0.299968029883,1
1.2387948559,-0.489206451253,1
0.806172773377,0.564016055167,0
0.562590153904,0.851648918781,0
2.06511574258,0.576775733287,1
-0.209235326845,0.939667936865,0
0.586168541852,-0.443557894942,1
0.213570840132,-0.18508825256,1
0.0261458167071,0.41726650602,1
0.888511280236,-0.501654818111,1
2.07686468544,0.390374249288,1
0.11007448109,-0.0727914576903,1
-0.702487583314,0.656149641596,0
0.112400473674,0.998403770532,0
0.97042763541,0.408279023374,0
-1.03710980747,0.364118565779,0
-0.973273802963,0.242688146113,0
0.572524975161,-0.451005050304,1
1.53014595942,-0.40932091555,1
0.513327619057,0.751046281409,0
0.501971897005,0.872709616663,0
-0.0953672101058,0.509063316129,1
-0.876611200552,0.247547368135,0
1.56059539844,-0.266934475049,1
0.272575291563,-0.262411465199,1
-0.51896961379,0.897349071701,0
0.488126218725,0.886857225651,0
1.80154042949,-0.205026415147,1
-1.02321879325,0.0799875549054,0
0.771314270061,0.605260732897,0
0.704481918082,0.600301528391,0
-1.07080956139,0.0742742187065,0
0.890177589824,-0.527951298484,1
0.933021259053,-0.45987382645,1
1.90646876424,0.0281927636744,1
-0.331576729421,1.0211271942,0
-0.047548887695,0.193270625917,1
1.91795792964,-0.00901204007893,1
0.961895363725,0.448328112855,0
0.805568722386,0.325808806368,0
1.32961816379,-0.469317355645,1
0.185346799479,-0.0483353326696,1
-0.115227404273,0.937910615505,0
0.770946584917,-0.4696831306,1
0.968596372583,0.455541916182,0
0.926831614732,-0.541945948811,1
0.541606638864,0.804993269371,0
-0.564031451366,0.875822996121,0
2.05763079299,0.376086708358,1
0.1401879145,-0.116968228096,1
0.608815067739,0.891560499897,0
0.92456203489,0.50256886611,0
-0.369075942118,0.962036308418,0
1.48449368109,-0.258392434062,1
1.70064575971,-0.134131913913,1
0.00408467112439,0.4031345348,1
-0.778468739845,0.647699597952,0
1.79440534413,-0.0963942199889,1
1.07199258531,0.20520445812,0
0.577728227632,-0.370940813276,1
0.19456145924,0.98262613917,0
-0.85515730975,0.65529000477,0
-1.0221240695,-0.0162342350164,0
-0.0726107663427,1.06876072265,0
-0.502487764692,0.793466215168,0
-0.965752274451,0.255553384211,0
0.964323012183,0.354031650546,0
-0.832630718031,0.644305158296,0
0.415496897324,-0.287617630574,1
1.48339260866,-0.407043913392,1
0.240532245114,1.03822653134,0
0.88973843922,0.58731030514,0
1.9774308986,0.199799686358,1
-0.994073321933,0.145032044369,0
0.491942278702,0.871267580277,0
1.94385655924,0.323827839107,1
0.553875641423,0.974438145825,0
1.74983279329,-0.211385150213,1
0.817430230141,0.683119045019,0
1.02548594114,0.311844585521,0
-1.04181267653,0.0652829629552,0
0.92788391385,0.266655365405,0
1.05549074088,0.000753593161238,0
1.61793109822,-0.179945685587,1
1.86425035667,0.00713039574762,1
-0.775087611832,0.593845128326,0
-0.778314811017,0.724097596504,0
-0.265298121688,0.911708582864,0
-0.0067305909443,0.213445641042,1
1.79614915379,-0.0776590729587,1
0.0460053455321,1.04169450551,0
0.278434616353,-0.367632891542,1
1.05630165636,0.0037519206414,0
-0.827517829833,0.478342725422,0
1.761869916,-0.141271912963,1
0.203480706946,1.03596127932,0
0.578188241897,-0.455237519845,1
-0.35386370265,0.891790143612,0
0.978292108643,-0.505723847142,1
0.304723222664,0.872209109689,0
1.96802905238,0.448676138383,1
-0.948101845968,0.504909712518,0
0.749021007984,-0.430915886907,1
-0.16810328951,0.936456490922,0
-0.929200037457,0.402479398773,0
1.96943078894,0.241905856892,1
0.139603788925,0.0262844604786,1
-0.917266675803,0.414950052809,0
0.414749968864,0.919977663313,0
1.13726361361,-0.556663940345,1
0.692865118797,0.682379102493,0
1.69150823795,-0.117562655701,1
0.896427905654,0.362007323435,0
-0.894701261045,0.11466793868,0
0.606026603135,0.829338721484,0
0.00277852308392,0.0404002131496,1
-0.788992160385,0.559567943868,0
1.01519185498,-0.0631493718436,0
-1.12720605949,0.0339435192547,0
0.089661817347,-0.129168018641,1
-1.00832742626,0.307762711256,0
0.857693383471,0.487736132911,0
0.156809154811,0.0457693670193,1
2.03975316603,0.53607344233,1
0.922406670607,0.483239468378,0
1.02395420427,-0.459292052489,1
1.42277359502,-0.36287680538,1
0.0776945009611,-0.00575495906711,1
0.765988562699,-0.403496120205,1
1.7552802494,-0.0719358081939,1
0.628866419009,0.845062254431,0
1.86535585031,-0.0943221135214,1
0.837604643424,0.576419409476,0
0.856077212048,0.376384190505,0
1.98088358808,0.297995470662,1
-0.494305629414,0.87645743368,0
1.16309769563,-0.499559058813,1
0.822718204163,0.631627264403,0
1.57327078327,-0.323713431258,1
0.539157032214,0.914428401416,0
0.115841900707,-0.170725046606,1
1.8866448067,0.0883086575302,1
0.491618633873,0.831360429275,0
1.2375712006,-0.53624780209,1
0.948462878855,0.315025622226,0
-1.00079120679,0.0771473540749,0
0.0636073259368,-0.00355889118371,1
-0.0384137911214,0.208159114315,1
1.71357517366,-0.201461781453,1
-0.777612127939,0.553862360891,0
0.529973732436,-0.278544710412,1
2.01190620694,0.490380352222,1
0.0251602247481,1.0644777592,0
1.8517800879,0.117649048595,1
0.883731371054,0.596139165801,0
1.89590040438,0.255129179734,1
0.812409861989,0.507357091384,0
1.32298569743,-0.487688314849,1
0.239076533872,0.914061568288,0
0.161163404958,0.954431421639,0
-0.714085230839,0.747340337686,0
1.09993857094,-0.481122689208,1
1.31643019061,-0.439051069618,1
0.637416565262,-0.452222820281,1
0.709381973325,-0.493667733349,1
1.02262816948,0.16774268501,0
0.314549605523,0.97763632615,0
0.768384548363,0.648181523312,0
-0.293144674859,0.912156463181,0
0.860515778948,0.186809226973,0
-0.788605436538,0.721582472366,0
-0.666886664934,0.769339187742,0
0.646929522219,-0.426945980311,1
1.67247910086,-0.225886827125,1
1.47601636725,-0.372135975655,1
-0.8429520858,0.342001256964,0
-0.0648260363018,1.00572972566,0
0.0636799114746,0.0272350570355,1
1.44732660205,-0.402176952067,1
1.53273821842,-0.302256349677,1
0.295972938681,0.991352345604,0
1.38063059271,-0.498409602667,1
-0.302976177668,0.941200516887,0
-0.493431696552,0.859237315657,0
-0.999601301926,0.336260418119,0
-0.830666275081,0.71899152326,0
-0.980283176173,0.15547666897,0
0.391268922122,-0.370319986966,1
1.09941102166,-0.559854355723,1
-0.275466327299,0.986200178155,0
0.487357503576,-0.413786498049,1
-0.378258109275,0.827066954379,0
0.496749757517,-0.299648048907,1
1.51507632859,-0.303851431794,1
0.0266835027226,1.0149318627,0
-0.0987997418122,1.0205155752,0
1.03571759865,-0.450236812882,1
0.792161322436,0.729021615885,0
-0.658070902681,0.573860813392,0
0.320032827986,-0.230939655134,1
0.829639425666,0.565705903,0
0.0189658101809,0.442025062417,1
1.60636831417,-0.204380566507,1
0.484740668223,-0.266998415831,1
1.31396375497,-0.456586119006,1
0.573980054264,0.751019582199,0
0.00784377136238,0.247141731671,1
1.50972795085,-0.329699466554,1
0.142883768795,-0.0177390101403,1
0.0108143936723,0.220911106765,1
0.0792496669769,0.262280188655,1
0.727430611927,-0.430450112631,1
-0.529456085058,0.783135214266,0
-0.314719161485,1.02343948357,0
-0.849428691609,0.474732360824,0
-0.221593122778,1.08923928935,0
-0.98727924503,0.229743031484,0
0.770742784793,0.6521822189,0
0.951870438995,0.0109461379389,0
-0.856354213029,0.525437502773,0
1.0293535178,-0.452735828117,1
1.42413261133,-0.474353745637,1
1.80152046364,-0.0673701922701,1
1.74451951094,-0.369512185161,1
-0.0434616866948,0.403861937528,1
0.724772428295,-0.651344059168,1
1.92216862058,-0.0393688356122,1
1.0180201747,-0.447123346631,1
0.764844705123,0.618281411205,0
0.930602604009,0.5020573903,0
0.476355416713,0.920287921186,0
0.3342320018,0.899142681191,0
1.71680525299,-0.234778298636,1
0.902125645715,0.227534299309,0
-0.364474237079,0.93314063358,0
0.214953191522,0.00356568138519,1
0.0922347597515,0.244482430011,1
0.893276372816,0.390846858502,0
-0.483334325329,0.914562681853,0
2.01890370862,0.0712564949229,1
-0.81464274915,0.442269034114,0
-0.613654543592,0.810521068977,0
0.762009369271,0.419123358843,0
1.4347063616,-0.337771995375,1
-0.842736829891,0.657621037501,0
-1.04858878512,0.0545607074739,0
-0.0218566383171,0.279999017961,1
-0.490033992698,0.897322586459,0
1.86795707742,0.0603741297719,1
0.317957279235,-0.226475082124,1
0.0956545242349,1.03918515449,0
0.971460189062,0.0303929694867,0
0.844059448126,-0.602619638781,1
2.05775096371,0.335419428391,1
1.54038800072,-0.31074246968,1
0.871085284263,-0.605143179031,1
0.402828792347,-0.230709444265,1
1.78558937116,-0.126330659635,1
0.0435473623859,0.290105442763,1
1.02527100633,0.189323964801,0
0.518895595608,-0.331696943622,1
-0.902327336102,0.351791670245,0
1.01740912447,0.106654768307,0
2.00471461555,0.289078278806,1
1.10910040479,-0.465286937711,1
1.37337021319,-0.439987848237,1
-1.10111249776,0.0694479534865,0
-0.0204355799041,0.400366907919,1
-0.222363574361,0.941012372543,0
0.926766706338,0.542129248386,0
-0.224489213878,0.917377272888,0
0.937604695989,0.0703155376363,0
0.33324189314,0.953593308562,0
1.41987502943,-0.359572534549,1
1.93306155791,0.00495220143366,1
1.82553885473,-0.15395771373,1
-0.725908162299,0.701590274705,0
1.1829996346,-0.496431008912,1
0.979850599042,0.278703642516,0
0.747287191861,0.613190069308,0
-0.88012041541,0.446538385938,0
0.956755818018,-0.495208186558,1
0.541462198068,0.889929559179,0
-0.0109365158863,0.335959428205,1
2.0498825637,0.312683881437,1
0.032664970743,0.993500273754,0
1.3149147149,-0.337890686948,1
1.82755292064,0.055617254949,1
0.0151352679929,0.207463018839,1
0.321187545042,0.968582221097,0
1.95968047526,0.0432874877758,1
2.05166333222,0.440216272819,1
1.23495538679,-0.527606311131,1
-1.00670828967,0.135336530737,0
-0.0134631772305,0.296578865559,1
-0.900125417357,0.387637582035,0
0.062448184223,-0.00227246121869,1
0.739082745641,-0.429045210549,1
-0.945327648509,0.00282175758283,0
-0.31939606902,0.996699309972,0
-0.818791456179,0.544159669505,0
0.295365458507,0.91798597899,0
0.23826025989,-0.0303679779349,1
-0.0328493612359,1.01117777037,0
1.89053913586,-0.0487107715301,1
0.0692702401551,1.05116208774,0
-0.817973972459,0.540803322272,0
1.50698762993,-0.389106813979,1
0.865009913353,0.570521148792,0
1.27259604672,-0.403276035335,1
0.831473352088,0.618589036371,0
1.67754222118,-0.306636858625,1
1.86366370148,-0.0150443166223,1
-0.983659712489,0.219491933103,0
1.40935611883,-0.440830206765,1
0.556734762993,-0.362752679646,1
1.54204929318,-0.293176694608,1
0.275146411072,0.922392003544,0
0.839745918339,-0.565840052267,1
0.594927663269,-0.416774372876,1
-0.859590912366,0.530238259237,0
0.878810615099,0.444529541488,0
-1.08928355286,0.174896211,0
1.93396100809,0.0965533696808,1
0.800157590236,-0.49527942489,1
-0.962623563959,0.255422530075,0
0.45411115184,-0.262031653451,1
1.74618657573,-0.0397072939327,1
1.01530891885,0.405266536863,0
0.0842660015202,-0.021184120799,1
1.42505704794,-0.426102458805,1
-0.0506122107648,0.295493489913,1
0.290405769709,-0.221576244432,1
1.053212373,-0.476350440952,1
-0.965723889005,0.252549044838,0
-0.515182311218,0.923971511165,0
-0.52087410444,0.800913363354,0
1.71709026834,-0.198103468942,1
1.38384842325,-0.378162394246,1
1.91479939688,0.0857498302749,1
-0.135729372734,1.05552725758,0
-0.982775783216,0.0168768522921,0
1.04356670881,-0.534758207982,1
0.767395094614,-0.499783265189,1
-0.858275502559,0.439047887432,0
-1.00734073984,0.156549968069,0
0.442302840312,-0.335325266461,1
-0.643249303461,0.715743226753,0
0.154169746025,0.0587913497298,1
1.87448617501,0.179509163402,1
1.25774194866,-0.507674363125,1
0.842887206083,-0.535426047492,1
-0.958226530162,0.165487840118,0
-0.884654385753,0.397300328852,0
-0.277569948046,0.989902609946,0
-0.0275547226771,0.435179879896,1
-0.898964137635,0.367345330819,0
-0.968016910962,0.0805192695575,0
-1.05201960972,0.159804655558,0
0.489639166415,0.909463269235,0
0.295100388082,-0.334255629707,1
-0.293750769463,0.941093785992,0
-0.962256092264,0.0271250756697,0
0.892193290155,0.474452302684,0
-0.742804067554,0.616451972745,0
-0.280649202032,0.942420425137,0
0.56658619254,-0.427991747629,1
0.150307747375,0.868715820219,0
1.23821574999,-0.49096830829,1
1.53083179411,-0.258454176604,1
-0.936692261249,0.285366329474,0
-0.731766147622,0.691292031969,0
1.94011612155,0.476755283665,1
-0.942539608443,0.330770487058,0
0.287592420336,0.996836350485,0
0.452777568953,-0.379058524386,1
-0.149536999757,0.973973552308,0
1.03211891521,0.33723794146,0
0.161169492593,-0.178614616852,1
0.524032294895,0.881967838402,0
0.605677656141,-0.433666681251,1
1.90302898012,0.0809781438362,1
1.41140178655,-0.401392823194,1
0.0861603053119,0.00262379278857,1
-0.112261893574,0.627420335825,1
-0.958405796165,0.0325715580698,0
0.265949048846,0.878926698313,0
-0.330154295497,0.93049324241,0
0.810519912503,0.60470938046,0
0.965496629072,-0.467290780198,1
1.01502486124,-0.529315127757,1
-0.0218819201535,0.41108502177,1
-0.628660371071,0.73564773303,0
-0.86510157486,0.589041946288,0
0.531753472689,0.849086722012,0
0.368137731857,-0.239756937775,1
1.11155489974,-0.505975835515,1
1.00057546717,0.216265052268,0
0.309628635417,-0.180463894968,1
1.97016465477,0.238080181595,1
2.01550108349,0.487637194255,1
-0.668824408823,0.801821409788,0
-1.09099247608,0.140943293131,0
1.46455069015,-0.389068515022,1
2.04764921079,0.353706643028,1
0.81212386774,0.37778208771,0
0.993445774848,0.401214897788,0
1.86662350897,-0.0573978500637,1
-0.615063755116,0.784470474251,0
-0.493770460251,0.926330503373,0
-0.703263158405,0.706534973941,0
0.833080194847,0.593097794389,0
0.419677775307,0.932303424728,0
0.0612894806813,-0.0299863360219,1
0.111869199276,-0.0325835875896,1
-0.508201190439,0.721360026597,0
-0.049591039424,0.462859035509,1
-1.08473157126,0.28247010376,0
0.27926818274,0.979542731397,0
-0.33619688078,1.00935673044,0
0.138583309718,-0.037314248429,1
-0.845177347252,0.573057220534,0
0.0486508707216,0.212818229953,1
1.99890721798,0.436598412361,1
1.52480963006,-0.310845971117,1
-0.85227311491,0.69371244526,0
0.312211890302,-0.137076713186,1
0.604822469377,-0.414580293663,1
-0.022098923794,0.961760316053,0
0.990277121836,-0.520190042365,1
0.0580579411324,0.254648821175,1
1.94775988168,0.0714211596061,1
0.314997163632,-0.30223614663,1
-1.04303143549,0.04456015598,0
1.10664756304,-0.435029373275,1
-0.211299411918,0.940982188045,0
0.934625800605,0.316288664657,0
1.96434666458,0.230726429575,1
0.721663601933,0.67139235986,0
0.146093182225,-0.0504807883408,1
-0.342076316654,0.937329169284,0
2.01161158572,0.448573216068,1
0.974391152634,0.31491628595,0
0.298786255891,-0.143717475329,1
0.955922030438,0.324981629483,0
-0.408658197177,0.963721998506,0
0.742804094514,0.680852325705,0
1.74370929264,-0.181210443741,1
0.314714134344,-0.137709628072,1
-0.0920311918553,0.961372390813,0
-0.702479349211,0.769794816086,0
0.839016947399,0.400835228772,0
-1.04131816138,0.31627436739,0
1.84600853872,-0.0766182444671,1
0.407674063912,-0.321501627928,1
1.97689400402,0.284720789994,1
0.337384556218,-0.334259760736,1
0.586201228672,-0.368884510486,1
0.432562784378,0.924589974877,0
-0.879774610299,0.345696725907,0
-0.0143945722131,0.313793468023,1
0.503783415499,-0.239653561902,1
-0.407768316334,0.91440128043,0
0.916260067293,0.444224880332,0
-0.41896850459,0.901273685295,0
1.11164290027,-0.452599981411,1
0.937453784155,-0.52768118967,1
0.835120234109,0.624567604047,0
-0.851018409763,0.375569706071,0
-0.915210244069,0.378374922324,0
-0.0642439866812,0.327803243701,1
0.65979374001,0.708016068732,0
1.33579270995,-0.448513821635,1
0.410419504286,-0.310220917378,1
-0.162191805408,0.998458687102,0
0.223661042302,-0.198823072555,1
-0.570357756819,0.831877276904,0
1.03232396117,0.129680600215,0
0.217018712087,-0.00304228286601,1
0.261615481985,-0.2857422125,1
0.0487955804684,0.9848128782,0
-0.254938281573,0.994803765932,0
0.89879402153,0.0468378851586,0
1.06966937556,0.126048149875,0
0.440227494373,-0.285023523941,1
0.136637442943,0.198050506206,1
1.1206244925,-0.477246571062,1
-0.973364477309,0.339979014864,0
0.0536975788424,0.231351215373,1
1.26215746684,-0.486460498426,1
1.83931612519,-0.0811254768052,1
2.05257756585,0.427548368477,1
1.93226639168,0.410544299277,1
0.306281539209,0.951113618955,0
-0.0753402441966,0.944024792147,0
1.8989174596,0.198504546611,1
0.981225340312,0.336561652462,0
-0.921751324571,0.360199700919,0
1.07371497027,0.279362131003,0
0.0374500117329,0.350879668152,1
1.24263222603,-0.449358994984,1
0.271189802994,1.00629699241,0
-0.955722237673,-0.0221541914613,0
0.398928687604,0.849623198882,0
1.90554124209,0.235736637539,1
0.849079743789,0.490683750537,0
-0.957821097645,0.300314200259,0
0.41702827581,0.889683047183,0
1.93453445962,0.306649713718,1
0.479683215404,-0.294547468586,1
0.0349862244611,0.360210427745,1
-1.03883686597,0.211337322346,0
0.205103323107,-0.0707585559718,1
0.190625531456,0.0379183751798,1
0.645647433661,0.801434398368,0
-0.62809050205,0.715487017017,0
0.732759815476,0.664974186975,0
-0.590563122378,0.775440906778,0
0.285149369125,0.959786002271,0
0.800147322295,-0.467614066044,1
-0.000920600734443,1.03251661805,0
0.45524565893,0.893279365031,0
1.05218054865,-0.475256502784,1
1.22658812263,-0.425567149851,1
-0.432089591013,0.925309127164,0
1.8295436701,0.255384180605,1
0.944458204621,0.191712748246,0
-0.510157683566,0.832587156143,0
-0.930725610051,0.161548756816,0
-0.922595126817,0.329888112229,0
0.707978945358,0.739976099526,0
-0.613215886225,0.766707968677,0
1.25835304032,-0.470191178736,1
0.927008533015,-0.49851952759,1
0.324841716193,0.903054914422,0
0.871481532171,0.4535192278,0
-0.0544990372123,0.421917030483,1
0.14136340674,1.01046299578,0
0.827176493661,0.712773523832,0
2.01685185443,0.476307629188,1
0.92943662219,-0.456706402375,1
2.04230515549,0.548996679393,1
1.90168078433,0.163530412886,1
-0.930354798749,0.407546963165,0
0.47989518075,-0.351491284222,1
1.98388708626,0.347194471024,1
0.0176705733272,0.48472322067,1
1.6397306866,-0.290390299147,1
1.93234085301,0.0719133125694,1
0.501825418599,-0.2812404921,1
1.92131142513,0.0879506684492,1
1.27218805008,-0.498398469127,1
-0.17991824178,1.05113695297,0
0.453131882191,0.835017938186,0
0.576610665201,0.918667474638,0
0.918902363384,0.0509460107295,0
1.66126852519,-0.27417331719,1
0.937542313832,0.311416733632,0
0.43259221744,0.982485959091,0
0.812409026844,0.676360242916,0
1.79715917779,-0.225232470325,1
1.85136909162,0.0195089728374,1
-0.283105431585,0.926137049315,0
-0.332006470439,0.897045217163,0
0.69705317164,0.674013115858,0
-0.5848687995,0.754202023671,0
1.41047800146,-0.486354626962,1
0.287750083215,0.903310021543,0
2.01271752789,0.390409784715,1
1.9032211099,0.379131183953,1
-0.196605977024,1.03360508097,0
1.91860410935,0.333566965234,1
-0.511178490941,0.915872140069,0
0.251228253274,-0.121686525731,1
0.424416362407,-0.280076887089,1
-0.827322180686,0.636587240564,0
0.723173759284,0.733239340692,0
0.31463769507,0.918349017064,0
-0.198637327921,0.852728194845,0
1.40393791523,-0.402679099143,1
0.169446053296,1.05923182757,0
1.86114740873,0.0205443937364,1
-0.875107576309,0.614762468112,0
-0.43173441542,0.877782171715,0
-0.473135826528,0.958483722768,0
-0.00545782782274,0.493190865672,1
-0.779138942561,0.791403683725,0
0.0625828326738,0.223050211471,1
1.45041688071,-0.321252337431,1
1.45799870849,-0.32341319319,1
-0.52138609513,0.858723959233,0
1.15984030313,-0.501401772824,1
0.205772810192,-0.082981372351,1
0.452967597038,0.808903908552,0
0.632244301597,0.834704389726,0
0.0275680666847,0.405447018748,1
1.00563377429,-0.0606693527112,0
1.17315466211,-0.403368671561,1
1.4158129523,-0.360574486151,1
-0.755428059106,0.64558973532,0
-0.921455550626,0.104212828485,0
0.31917202927,0.959074510692,0
-0.72172025891,0.629172952284,0
0.559405151087,-0.415353881899,1
1.15491252641,-0.486450163445,1
1.87462719592,0.186733487507,1
0.129949055336,1.0257898967,0
0.915930586625,-0.453787264369,1
0.965286730806,0.0478803650482,0
1.65971311705,-0.289382644057,1
1.05869021379,-0.531482482481,1
1.30017862951,-0.476471075701,1
1.01156902834,0.0497039688306,0
1.9359268221,0.20516340051,1
0.647293644598,-0.501768198655,1
0.196951897495,-0.131321205621,1
0.768646507613,0.625615573798,0
-0.268717058295,0.917226371209,0
0.910210889602,-0.515726729029,1
1.51731127318,-0.31310477638,1
-0.896193661096,0.268710307701,0
1.07993990435,-0.470746927764,1
0.819778134878,0.514924892257,0
-0.94570965336,0.255478949984,0
0.122346240772,0.0518936711037,1
1.78760218093,-0.139644740569,1
0.752995096562,0.515553040221,0
0.18069990013,0.00622568074732,1
-0.812868055164,0.575579083807,0
-0.233209172788,0.953956628106,0
0.423760085986,-0.306385026698,1
-0.760465257683,0.707429689652,0
1.7525901997,-0.159040120381,1
-0.0474168923756,1.1425272983,0
0.103934790742,-0.0661284677806,1
1.71657181353,-0.148446640771,1
0.0623181945119,-0.103880358323,1
-0.899097163902,0.40050449285,0
1.18318268595,-0.511290256501,1
1.90219331723,0.154400757162,1
-0.103014758431,1.0052897405,0
0.300173490495,-0.307560138821,1
0.257369187023,0.968842248279,0
1.10953924184,0.205086228099,0
0.770578185093,0.568366225796,0
0.934576784386,0.060062450334,0
0.969278708919,0.282622082695,0
1.65450584551,-0.246114375476,1
0.0323885096034,0.169728518689,1
0.0504333791144,0.403408148081,1
1.60077916126,-0.341650687464,1
-0.957759844691,0.337992492202,0
0.855063067368,-0.508219279599,1
1.74780827845,-0.193789957862,1
0.653935688273,0.794220787919,0
1.39370401911,-0.430917672014,1
2.02683489856,0.404618727632,1
0.582225421862,0.810004120564,0
0.900366969717,0.247612849082,0
0.223585755222,-0.0210748369844,1
1.91345133075,0.0781518607894,1
-0.939789348613,0.600428108858,0
0.63462477384,-0.382429292619,1
1.18561911974,-0.384661692785,1
0.301291929746,-0.396077942583,1
0.0622519746716,0.188547258034,1
0.43921862715,0.809028224381,0
0.114074783396,0.0865962698654,1
0.385133286134,0.924554200755,0
0.636799942801,-0.372632304828,1
0.274617443429,-0.202793197533,1
1.9725954811,0.127308740554,1
0.137736910076,0.092172462096,1
-0.0440415827414,1.06622257082,0
0.546031410822,0.87894170174,0
0.849479463402,0.411200057879,0
0.215149788574,0.0996329407716,1
0.908682378497,-0.476566925042,1
0.49508268394,0.941847524633,0
-0.752202766123,0.614888310792,0
0.619550318691,-0.325722214108,1
-0.833068894303,0.54070724779,0
1.88780348063,-0.164008561284,1
1.90195665055,0.18156734669,1
-0.376924543727,0.949594484912,0
0.34158097853,0.966419803493,0
-0.0730424057368,0.397439211619,1
0.0213469081445,0.296053402788,1
-0.642642156093,0.716163387208,0
1.93741803943,0.231236729632,1
1.40618075284,-0.399618164356,1
0.24313264196,-0.23759129668,1
1.04615580896,-0.455959626492,1
0.196479598104,0.990914913022,0
-0.678494246433,0.746110952898,0
1.48025668681,-0.350615000226,1
1.49562212567,-0.41658435343,1
0.627391606845,0.820521676797,0
-0.845935693213,0.240077159594,0
0.176937668976,0.156806651583,1
1.62327575309,-0.226134775092,1
0.0256507742521,0.264180722156,1
0.736716625038,-0.510448221156,1
1.75952916545,-0.164661490526,1
0.992857957284,0.2973522081,0
1.0043351585,0.0508469407932,0
-0.329658533222,0.829825246871,0
1.95974440365,0.319911881741,1
1.91714232114,0.0793473327987,1
1.77957417943,-0.0634311585719,1
1.95690117977,0.417774801679,1
-0.83895138612,0.550626821279,0
-0.312107417409,0.972093674696,0
0.0540827447352,1.05556404907,0
1.93932779729,0.0295646998252,1
0.766660528389,0.556357793219,0
0.994651082338,0.0682232957023,0
0.0768591489363,0.337722009686,1
-0.630297846527,0.809767120207,0
-0.447664681583,0.797416640093,0
-0.422787458516,0.921586187258,0
0.199730675284,-0.283831404471,1
-1.08244475891,0.130062421741,0
0.932234007235,0.388891637556,0
1.79567308633,-0.195881175843,1
0.788853506089,0.498824035712,0
0.241844894885,0.906703009015,0
0.309587507632,-0.181482381436,1
1.39385416726,-0.445826973158,1
-0.668385682576,0.729540459642,0
0.897550697062,0.245723907694,0
0.0795523226537,0.124947481275,1
0.905924172309,0.329090605075,0
0.474081458341,0.860558915851,0
1.86999842143,-0.0161895903323,1
-0.433127364403,0.809947390417,0
1.90950927059,0.0298968619414,1
0.546230685282,-0.360031333627,1
0.0409001625434,0.370692968972,1
