-0.677999380978,-0.698756982328,0
0.93143746226,0.191391334505,0
0.548291311494,-0.0060171462086,1
0.872836923293,0.375023317824,0
0.43542720308,-0.29472637926,1
-0.536253308256,-0.163470807334,1
0.935533985967,-0.0699502378273,0
0.159219355654,0.971414940769,0
-0.611547305435,0.751418444147,0
0.423040310117,-0.268125393632,1
0.173146599081,-0.458362606879,1
-0.219125296367,-0.398848989685,1
0.0961089285381,-0.519601932011,1
-0.104485902382,0.94207685173,0
0.96768688752,-0.174182639523,0
0.754242275879,-0.621617317536,0
-0.0439956515068,-0.531986522936,1
0.43036519135,-0.355165377911,1
-1.02780733901,0.155325068984,0
-0.228547749916,0.382528681458,1
0.0717577023146,0.989000421576,0
0.655803367902,-0.812774995227,0
0.758490458639,0.629617799126,0
-0.866655523509,-0.497840814385,0
-0.520034815383,0.0721904406323,1
0.394908685685,0.221529485918,1
-0.480140546645,-0.0987542648993,1
-0.184217696731,-0.921755264664,0
0.101596230178,0.524726534475,1
-0.140615159706,-0.420061887509,1
0.305418259229,-0.305835686188,1
-0.85026052167,0.502583322014,0
-0.520933357291,-0.0104919409242,1
0.157636717043,0.523338203723,1
-0.434188799123,0.0239180876789,1
0.316512510352,-0.394524626961,1
-0.603595427981,-0.675229786096,0
0.120921223546,-0.969693407446,0
-0.699461414265,-0.700145076815,0
-0.82981273901,0.384497375024,0
-0.45013480437,-0.285030010117,1
0.342891408701,-0.455510411439,1
0.531813871748,0.0314308268207,1
0.738476835799,-0.657937671356,0
-0.615457420362,0.768497565845,0
-0.378751736323,-0.893042992648,0
-0.469287270566,0.170619146641,1
0.94051602253,-0.345081358135,0
0.280564436078,0.318425253256,1
-0.375462798182,-0.387241812653,1
0.513356309814,0.24978617318,1
-0.461774077587,-0.224138225266,1
0.0531831336484,-0.948770752332,0
0.0708083797622,-0.380032120685,1
-0.160072009367,-0.89515100679,0
-0.0274872399005,-0.5545492445,1
0.912893764896,-0.34249028847,0
-0.441389448432,-0.890763591403,0
0.454789886215,0.0328087020934,1
-0.506643588701,0.0804822910718,1
-0.73467730822,-0.666445869289,0
0.860849283029,0.554750786994,0
-0.456707306705,0.221557112714,1
-0.331154152275,0.969166103724,0
0.0353494428865,0.466655451829,1
-0.00886699152529,0.516405197793,1
-0.312811248936,-1.01686817604,0
-0.331718064355,-0.439312944061,1
-0.753689657626,-0.642231746332,0
-0.546627320783,0.0798963984916,1
0.914885495401,0.0876608115934,0
-0.946636422757,-0.593911784701,0
0.407068030843,0.108281895189,1
-0.409579472742,0.293544146495,1
0.418978523807,0.871143156019,0
-0.0796733394266,-0.959064217763,0
0.0222705515574,0.492023680707,1
-0.128444879465,1.03403788573,0
0.296128810434,0.927400373105,0
0.221447658051,-0.372742652526,1
0.423269204174,-0.212434409691,1
-0.924347372288,-0.351271168424,0
-0.605628632541,-0.715164198083,0
-0.76567580514,-0.728862120615,0
0.338073383464,0.372802713922,1
-0.428441216763,0.807282701125,0
0.333686335874,-0.26315356193,1
-0.524092123713,-0.848993447165,0
-0.0386090796831,-0.99567952815,0
-0.984525865385,0.0469509212395,0
0.210340334419,-0.985423985706,0
0.00888553031486,-0.996032389714,0
-0.659498663273,0.594582436898,0
0.971926350439,0.224893969413,0
-0.353676926964,-0.235195785008,1
-0.0578250173594,-0.566346796393,1
0.871633741182,-0.633180700877,0
-0.321463896303,0.931367786444,0
0.984816730006,0.281003161035,0
0.0871669615754,0.529270040971,1
-0.388276701121,0.193738970847,1
0.179648286054,-0.497590881044,1
0.551416194974,0.873006750058,0
0.0570451689277,0.49779571283,1
-0.573832210409,0.0333615595751,1
0.0746918990341,0.579819494576,1
-0.952957907487,0.325481301699,0
-0.732914227049,-0.528068543613,0
0.248819871051,-0.956670759615,0
-0.511008982021,0.180195992038,1
-0.015966769891,1.03727048984,0
0.961245377847,0.0872564912567,0
0.924576656675,0.380657353579,0
0.694588529568,0.584796859161,0
-0.168396128365,-0.486704748319,1
0.112855934028,0.455664373525,1
0.90595695064,0.235715525337,0
-0.193360116918,-0.380149730115,1
0.428584461784,0.27926742014,1
-0.129808387459,-1.00686475466,0
0.849347439296,0.433454757209,0
0.95817225831,-0.407165415538,0
-0.684629309505,-0.698641523626,0
-0.303698087684,-0.935910262881,0
-0.605070924377,-0.870112019075,0
-0.171775223484,0.504553008377,1
-0.941086780819,-0.363499005796,0
-1.02689522682,-0.176612709065,0
0.251773641497,-0.375209889774,1
-0.039233299102,0.508236542134,1
0.598627284754,0.161475239943,1
0.15025326084,0.467935846318,1
-0.158062551263,0.99367202067,0
-0.174484212051,-0.490936370308,1
0.797352645022,-0.57080178755,0
-0.880238197503,0.581656267668,0
0.248483130594,0.975321332459,0
-0.764438964672,0.640960078144,0
-0.555156951826,0.222930799226,1
0.398576866414,-0.875907837616,0
-0.908205185689,0.407284877201,0
0.53988647571,-0.845203263022,0
0.162115754923,0.440918038826,1
0.481714954714,0.116852811208,1
-0.0494545788888,0.973072362161,0
-1.09495310894,-0.02659195486,0
0.0817613600955,-0.882491520903,0
-0.935893130899,0.378655285345,0
0.397561168582,-0.169954460013,1
0.974015912405,0.0592818076692,0
-0.854687391384,0.659927427655,0
-0.468957073721,-0.282842218446,1
0.980104105058,0.249931447454,0
0.0869433347273,0.513642775863,1
0.541957169646,0.144447840831,1
-0.0199354348735,0.411956792196,1
0.495278701474,-0.184584975901,1
-0.992969460344,0.0721644882174,0
-0.0450943812302,0.469166850232,1
0.909350625592,-0.449185738923,0
-0.225597847216,-0.473253000486,1
0.865109067985,-0.496427493336,0
-0.227253413097,0.997429454903,0
-0.461060270071,-0.179749723512,1
0.254634014677,-0.391796287361,1
0.162349064262,0.399205447708,1
-0.547371676919,0.199307620935,1
0.432874552885,-0.28899520092,1
-0.838898161646,0.395561740595,0
0.985177857149,0.197549440866,0
-0.866027793433,-0.502549687301,0
0.507850642427,0.173828840006,1
0.380958882199,-0.212232297225,1
-0.084690620528,1.01647156675,0
-0.222871628457,0.397239928195,1
-0.900582184492,-0.474540084714,0
0.237291697252,0.83008260844,0
-0.462334279377,-0.958491168479,0
0.294506863204,-0.392423497619,1
0.660606295874,-0.680099206507,0
-0.852687067844,0.549440127263,0
-0.307097655256,0.859803648713,0
0.986496841899,-0.28605272708,0
1.07288971045,-0.0147816906213,0
0.347050584012,-0.952040927696,0
0.792056756749,0.622891676244,0
0.856374118545,-0.65935223193,0
0.716643149185,0.739131460401,0
-0.949821958707,-0.413829927057,0
0.439083557476,0.973049483412,0
-0.901443241697,0.473574591538,0
-0.417679248867,-0.292203664337,1
-0.40166343824,0.230490411993,1
-0.770459016419,-0.624692778095,0
0.104649389594,-0.41905696593,1
-0.351992421086,0.9254755218,0
-0.461884770399,0.0810543442767,1
0.776156411206,0.563417328724,0
-0.609452721965,0.776123917745,0
-0.869825597616,0.611029877974,0
-0.936342638191,-0.25039612978,0
0.947640644277,0.195188742954,0
0.172000540218,0.505505430521,1
0.670847060755,0.722336658357,0
-0.128180271186,0.38263024662,1
0.0849433329941,0.970973184421,0
0.502432155809,0.836911273261,0
-0.765820263077,-0.598352879731,0
0.267782689798,-0.953261421664,0
-0.136963231253,0.50581717596,1
0.526329486628,0.00697379831921,1
0.0337775027899,-1.00228729074,0
1.06064631008,0.0454129093497,0
0.500938706056,-0.0594198528942,1
-0.440592328524,-0.186962339733,1
-0.725036535674,-0.67023215759,0
-0.259295229358,-0.395699384538,1
0.356994062893,0.302501638544,1
0.411268827992,-0.865534173993,0
-0.459595090555,0.127022397502,1
0.187556828618,0.503566296089,1
0.350990029693,0.962713498369,0
0.946578181589,-0.211255182755,0
0.599336798385,-0.842506496156,0
-0.186973833095,-1.0572876367,0
-0.781940741227,-0.518191642882,0
0.504377160388,-0.112437605436,1
-0.424957829151,-0.131915120439,1
-0.988046673772,-0.290393423914,0
0.583737569187,0.762403129817,0
0.905616420425,-0.191903854544,0
0.122915188916,-0.478366607997,1
0.321184434061,-0.380730399751,1
0.925293265368,-0.452891751708,0
0.177570246176,-0.932051059941,0
0.285046958066,0.423628169298,1
-0.506985050285,-0.110505189878,1
0.482755693481,-0.0836039389532,1
-0.308917090148,1.03590503413,0
-0.486190617156,-0.0793736018942,1
-0.109447852885,0.483734639574,1
0.927041568193,0.372614775267,0
-0.227087517422,0.396411938129,1
0.194855653642,-0.431768322783,1
0.807126868988,0.410153377294,0
-0.487038718687,-0.197967479026,1
-0.0159641780443,-0.483815711981,1
-0.275203482858,-0.955065903462,0
-0.322384211629,0.29998777641,1
-0.680302376487,0.686720225234,0
0.30008346934,-0.209033865056,1
0.768798644737,-0.659105718351,0
-0.316120563678,0.841761441524,0
-0.100477821351,0.441616811375,1
-0.317350503749,0.463190526334,1
-0.168533134747,-0.524660137173,1
-0.210372087874,0.910182300915,0
0.38047259942,-0.301154415833,1
1.05920926141,-0.238329763034,0
-0.437668067702,0.26065118039,1
-0.918126669444,-0.625615439659,0
0.661263262907,-0.592862488441,0
0.208280774657,0.511717484736,1
-0.862469549711,0.5606925399,0
-0.357175249606,-0.253458329011,1
0.419587189568,-0.862856890944,0
0.075455784913,-0.499759371875,1
-0.112885830702,0.495239260736,1
-0.947117224027,0.115546324815,0
-0.386085856185,-0.0934257051301,1
0.397381186226,-0.358283012993,1
0.586200667009,-0.0398412264567,1
0.373323065442,-0.211077419587,1
0.523410748784,-0.313836706754,1
-0.302929848229,0.392801786573,1
-0.373474806008,-0.972741477417,0
-0.535743662561,-0.111344117122,1
0.0304600745262,0.952754963071,0
-0.833726448456,0.623528401423,0
0.330402275336,-0.415523922106,1
0.198182741522,-0.417873959935,1
0.419157988255,-0.22080720951,1
0.243254380485,-0.480817992081,1
-0.164163933631,0.447863014972,1
-0.356430454388,0.316113413398,1
0.960673431331,-0.532562185955,0
-0.217009480692,0.399248890817,1
-0.182976727074,-0.968203587035,0
-0.486861100712,0.00107000647492,1
-0.998200720663,0.285769698263,0
-0.258566138287,-0.348945386176,1
1.00140106914,-0.0837527751203,0
0.899495596833,0.399639219218,0
-0.0291195384316,-1.01145633681,0
-0.510888747263,-0.0338080251995,1
-0.236222466284,1.014309358,0
-0.0251343447351,0.500611052861,1
-0.177920418934,0.445064789375,1
0.458140729102,-0.109140217106,1
-0.764946445106,-0.621198457748,0
0.486057514478,-0.860181811842,0
0.727379592802,-0.663890590592,0
-0.896434601532,0.431432256125,0
0.353965267155,0.906513003287,0
0.494337263213,-0.865661341074,0
-0.677503983245,-0.798776570699,0
0.981943487773,0.348848969897,0
-0.417313494437,0.230326055091,1
-0.534694373315,0.0855942819575,1
-1.03621052807,0.138269347946,0
0.470304290294,0.116419776073,1
-0.758202976094,-0.634538307796,0
0.298848362417,0.459690616052,1
0.866894371125,-0.494182048573,0
-0.887719251318,-0.376569061957,0
-0.462028729167,-0.263351735236,1
0.0985976014447,0.485243537777,1
-0.420277878725,-0.214920336993,1
0.946166744588,0.515925613923,0
-0.341843392687,0.925878379272,0
-0.867366644432,0.397897617433,0
0.40221508983,0.293868332645,1
-0.512864477588,-0.231789149514,1
0.547199666991,-0.109035992325,1
0.906324440022,0.490821754826,0
-0.109815221203,0.497706482864,1
-0.0886318099751,-1.02119859099,0
-0.290761556081,-0.932944351133,0
-0.394196737157,0.256479038356,1
-0.287779791913,0.253139700487,1
-1.01140076017,-0.0385878791966,0
0.360575108403,0.294392214328,1
-0.297504721775,-0.231838735708,1
0.864789689465,0.276511431683,0
-0.660444945388,0.812649872627,0
-0.193293950021,0.54446076478,1
0.406887999999,-0.296967809269,1
0.605197935164,0.862783954587,0
0.216620234793,-0.431741821857,1
-0.519715313854,0.175320109764,1
-0.836740365459,-0.527318217416,0
0.544606457727,0.854625270472,0
-0.0750759460338,1.10721579433,0
-0.355730466225,0.390135851136,1
0.178467999772,-0.516519688149,1
-0.414952463085,0.23003464634,1
-0.400819334511,0.301431623554,1
0.0479758293079,-0.430378310027,1
0.0452762574961,-0.968817486026,0
0.173567744343,-0.500155782731,1
0.412779570264,0.205281540557,1
-0.179632566994,-0.530021964755,1
-0.492470485715,-0.942869945085,0
-0.842716890674,0.0466668355963,0
0.253651814542,-0.423415701209,1
-0.175362035631,-0.491157725029,1
-0.251316363317,-0.45269889777,1
0.347521036365,-0.337458395012,1
-0.428995309457,-0.840093749564,0
0.455201378254,0.28771443924,1
0.226315515774,-0.935593144213,0
0.83433906211,0.35979079732,0
-0.0515076047014,-0.432374042851,1
-0.151291321503,-0.915884500394,0
0.746569325261,0.736689774929,0
0.254548437349,0.416879428493,1
-0.446321583342,-0.292014838629,1
-0.145351010316,-0.490868795165,1
0.89634095553,0.382620799834,0
-0.299117701051,0.359764453208,1
0.783893413895,0.606463496557,0
-0.605867150671,-0.777542838257,0
0.104327340323,-0.497190736732,1
1.01067810457,-0.0844269016053,0
0.134126210202,-0.48376633356,1
-0.432429066016,0.846934003729,0
0.814121744889,-0.561370070358,0
0.953932611909,-0.213570372448,0
0.220573101351,-0.982055386991,0
0.0129500949868,0.994213117673,0
0.211677569511,0.947324956894,0
0.183041174284,-0.410489973805,1
-0.841033593831,0.397786271528,0
0.974489077224,0.0888326747227,0
-0.18342965567,-0.928581380573,0
0.30661261934,-0.350987356829,1
-0.62228763242,-0.834055753011,0
0.0197174363109,-1.00888640406,0
-0.476608111723,-0.0787283302342,1
-0.979637487061,-0.0937955813077,0
0.218739949211,0.481156553211,1
-0.352025631329,-0.354291065279,1
0.317820975998,-0.236924442292,1
0.419290893387,0.326368968181,1
-0.549357342993,0.0535761651611,1
0.508233666421,-0.296204927664,1
0.72560143743,-0.751717217454,0
-0.0887707308494,-0.456016448997,1
1.04633623671,0.000275552867269,0
-0.215563510394,0.455457085325,1
-0.508650620091,0.0563244636262,1
0.510433782084,-0.888737935228,0
0.117663612459,0.525736345763,1
-0.380720699555,0.22741484158,1
0.478516710946,-0.122765943897,1
-0.424343765908,0.233289269898,1
0.454686961195,-0.876208227841,0
-0.441405438183,0.146214886653,1
0.163840079128,0.382481894361,1
0.569653752122,0.0852929567902,1
-0.986533533153,-0.478660942451,0
-0.387835618482,-0.916126297168,0
-0.12707162887,0.426384219546,1
-0.199391052312,-0.526146078108,1
-1.03574205354,-0.196234366084,0
-0.0512330601366,-0.465138783786,1
-0.428368870937,-0.0473636355423,1
-0.476370933788,-0.138416324191,1
0.426817193012,0.215754496864,1
0.495331034441,0.191532598194,1
0.415164152373,-0.263428591087,1
0.838258970985,-0.494880238039,0
0.750892733636,-0.689372702288,0
-0.495793896384,-0.109527254943,1
0.234780944337,0.427291415924,1
0.155416935672,-0.399607757416,1
0.566996369107,-0.760462816581,0
-0.507943242355,0.806252976367,0
1.00032183806,-0.297022921764,0
0.835510128194,-0.638753797047,0
0.437386008994,0.350651677712,1
-0.776157801564,-0.490756632287,0
0.347570567829,0.509520719578,1
-0.477439103622,0.861656166324,0
-0.971328872824,-0.370001472562,0
-0.400732735102,-0.190103264574,1
-0.545941698725,0.905461067034,0
-0.433640557772,0.166344108325,1
0.0735793619142,-0.504870959867,1
-0.60377588721,-0.867520111445,0
0.208232250528,-0.473394931584,1
-0.877820034025,-0.4024221125,0
-0.417911391024,-0.364645609074,1
0.417577516111,-0.186013423572,1
-0.295228923506,0.385250712276,1
0.0487793031794,-0.43643672328,1
-0.37983090495,-0.251604697261,1
-0.0491248142816,-0.601650478243,1
-0.421046114108,-0.131184507222,1
-0.0376240199661,0.385957945301,1
-0.301450355884,-0.845250087362,0
-0.322129321912,0.373384451004,1
-0.0177984312588,-0.996370747508,0
0.602487687361,-0.794053972228,0
0.695779294175,-0.742608130839,0
-0.41098909879,0.360556785735,1
-0.0796268901723,0.584187293752,1
0.479044098896,-0.180924907605,1
-0.985729284406,-0.38835696868,0
-0.0190552344879,0.964548514247,0
-0.399048254668,0.911348332095,0
-0.00799025178115,-0.410155478392,1
0.0641841455164,-0.515430338505,1
0.448936937286,-0.223399878604,1
-0.490114959824,0.138612184738,1
0.243716478131,0.462987417255,1
0.859155368081,0.444468173973,0
0.202434912057,-0.49926160501,1
0.00805168819599,-0.515215797744,1
0.656703565142,-0.730801507306,0
0.409827020888,0.29893599543,1
-0.0463198832061,0.44109185611,1
0.446147780051,0.0225252466949,1
0.133034709512,-0.973218612235,0
0.74715696328,0.652587561776,0
-0.767682562777,-0.669114593461,0
-0.427129916668,-0.24925526728,1
-0.447850601625,0.161125768177,1
0.902154860423,0.358619140392,0
-0.262299140596,-0.378196611786,1
-0.382378788454,0.753528480588,0
0.470632402394,-0.15722566372,1
-0.734168686176,0.627161036934,0
0.923239079087,-0.476153296837,0
0.870000537059,-0.471650156221,0
-0.651063670334,0.704730052581,0
0.0201007038524,0.434650274122,1
-0.0704383324021,-0.978500435264,0
-0.984267125446,-0.157078428753,0
-0.673375934984,0.755562856106,0
-0.413699386293,0.159980123464,1
-0.526451345504,-0.75612013695,0
0.577600366652,-0.0679384333477,1
-0.541984701872,-0.0136137173513,1
0.648840704484,-0.75313487951,0
-0.707874283121,0.714192184893,0
-0.399472123259,0.375040950776,1
0.303638490184,0.409791937654,1
-0.988832099459,-0.119125388294,0
-0.66215889566,0.764752314853,0
-0.974709861233,-0.334435484042,0
-0.0598474566235,-0.547556373102,1
-0.926453836822,0.237144104447,0
-0.71490400597,-0.642234501646,0
-1.06199661724,0.144262069636,0
0.499472094111,-0.0938722761744,1
0.436698048083,0.456442426069,1
-0.145574712779,-1.01578727725,0
-0.833639495615,0.415878173815,0
-0.538611307225,-0.130033437937,1
-0.0478821757788,0.988186653906,0
0.547303446107,0.0595637358887,1
-0.152243640268,0.482598443557,1
0.883322557829,0.55149713564,0
-0.52582569607,-0.899296318969,0
0.940642554788,0.079329374318,0
0.159548700294,0.471706177237,1
-0.431122042479,-0.869813487141,0
-0.420376290286,-0.284673941595,1
0.964114494293,-0.316045149072,0
0.0907207047339,-0.51046670378,1
0.84667728069,0.421471409699,0
-0.323696429618,0.388932369254,1
0.360118384262,-0.342293323038,1
-0.906269454958,-0.332858054232,0
-0.172270054333,-1.00339776266,0
-0.11238570893,1.01209746796,0
-0.896784101647,0.373224045324,0
-0.590284157011,-0.778549527499,0
0.344964930082,0.363181510957,1
-0.159234538638,-0.389218354244,1
-0.310178078888,-0.937731805043,0
0.463531864504,-0.206672719417,1
-1.01885701568,-0.33661609631,0
0.408806360162,-0.958344833912,0
-0.310497965208,0.345930687707,1
0.280534194415,-0.96699781595,0
-0.0913461605812,-1.03566223498,0
0.446761844751,0.18380795978,1
-0.680359744642,-0.779284305974,0
-0.360953986161,-0.363679362427,1
0.447993493271,0.825973737661,0
1.0352059098,0.125412891743,0
-0.504643709699,0.190075779413,1
0.272663301662,-0.291740350525,1
-0.679005757707,-0.716972194548,0
-0.00788487986173,-1.02377572807,0
-0.264651481922,0.328190788048,1
0.477002594794,0.287398776099,1
-0.301861281637,-0.394858293049,1
0.702428836078,0.728898391641,0
0.822623166117,0.486387424824,0
-0.551960540649,-0.0166515442287,1
-0.0542593013464,0.506987493943,1
-0.987546392933,-0.179946654807,0
0.175134426018,0.892756318104,0
-0.330312565016,0.372251327958,1
0.174160899697,-0.529993384944,1
-0.996707569137,0.23410752672,0
-0.00655174997228,1.11593021694,0
-0.4818700415,-0.177123596628,1
-1.03793326214,0.0893822268552,0
0.64983117727,0.885336720223,0
0.744833350635,-0.413087499224,0
-0.488744272168,0.81211570699,0
-0.136409575297,0.569903389353,1
-0.90298234607,0.431386695098,0
-0.0906680143201,0.423669372094,1
-1.03257830825,-0.110511956202,0
-1.06699415098,0.210198399565,0
-0.633368570416,0.805055116634,0
-0.945786062249,0.142619320966,0
-0.47133304092,-0.166391619449,1
-0.439499352441,0.337179055879,1
0.293863787287,-0.372853877245,1
0.933752715943,-0.247618355551,0
0.438967805826,-0.344030280772,1
1.0258425113,0.0833769867713,0
0.848691961821,0.409470083803,0
0.385670748607,-0.312713758059,1
-0.353100644856,-0.5055428824,1
0.500672287117,0.207075170159,1
-0.992601488679,0.0943026512957,0
0.481474881275,0.167594912306,1
0.536282601353,-0.134783776018,1
0.196846418097,-0.467952181908,1
0.935402147054,-0.13377454415,0
0.750427132849,-0.669785284882,0
0.699905854354,0.707979591022,0
-0.369992545633,-0.414248555668,1
0.0244227955872,-0.480681031342,1
-0.0402995102659,1.00499960327,0
0.0825527504522,1.02021587706,0
0.0821231658964,-0.496301244437,1
0.453135964318,-0.225144415889,1
0.921309123506,-0.304054955267,0
0.413877305201,0.208432259818,1
-0.201806805398,-0.97561845013,0
0.994211955071,-0.0904292064617,0
0.794808373284,0.610930182416,0
-0.481421438311,0.123684733908,1
-0.916294641228,-0.248705091969,0
-0.720330296433,0.821486030864,0
0.218266213591,-0.962246205134,0
-0.880410596588,-0.105727362373,0
0.0612702527383,-0.464200944539,1
0.459177109669,0.925890708882,0
-0.653835665124,0.805293725321,0
0.467594324176,0.137074083295,1
-0.276385451861,-0.395558416955,1
0.734201954638,0.72230181684,0
0.375361332136,0.189260240724,1
0.193503962839,-0.353736617483,1
-0.104672410268,0.4292925551,1
-0.532232764704,-0.278900290754,1
0.522314070877,0.00321653902295,1
-0.753674544062,0.663683819251,0
-0.637161219985,0.801986700243,0
0.4730393252,-0.128132122807,1
0.892201307162,-0.510702278584,0
-0.2204709769,-0.451810819467,1
0.520514152013,-0.0902346128899,1
-0.802982313688,-0.344827196249,0
0.0835273521635,0.467431119359,1
-0.958861215693,0.135800879,0
0.359596703466,-0.898956901723,0
-0.478897492084,0.969480246313,0
0.0830386973784,-0.494771299637,1
0.97148749363,-0.32415495729,0
-0.15272977353,-0.554838051234,1
-0.11131467119,0.523428260544,1
-0.429918451284,0.334627488245,1
0.426712657021,0.199641102145,1
-0.945872829939,-0.0159619505773,0
-0.618716722304,-0.577648802882,0
0.665113765099,0.811856784147,0
-0.370518884976,-0.430922941136,1
-0.176774147708,-0.46253550294,1
0.795572380532,-0.468388464471,0
-0.456108166042,-0.196353602655,1
-0.468822902868,-0.927027407968,0
0.698176712822,-0.717686844365,0
-0.483735932267,0.0626620507409,1
-0.0758967236273,-0.515179743456,1
0.25032468671,0.378778189031,1
0.0747389404581,0.568740928669,1
-0.9705130689,0.0728795094574,0
0.51129974138,-0.0156758803761,1
-1.01440916313,-0.123088816802,0
-0.179696847081,1.04434074798,0
0.88663023003,0.497947342477,0
-0.323734884332,-0.465293857272,1
0.386387101103,0.369442609884,1
-0.670068814591,0.730703815073,0
-0.0557258814617,-0.484028440585,1
0.49608985703,0.0738031497682,1
-0.461010005325,-0.114446761577,1
-0.385740212638,0.377162019375,1
0.462716724808,0.211399498775,1
-0.217344925658,-0.912625178637,0
-0.722023058803,-0.762704574005,0
-0.46583567275,-0.21039989225,1
-0.155214720115,-0.449591545357,1
0.183615527969,-0.372897104102,1
-0.336088126594,-0.479256043561,1
0.0432812525334,1.04788518779,0
0.485354244482,0.05177606123,1
1.01463530206,-0.00973135757096,0
0.011073454631,-0.550879475173,1
-0.91635578469,0.51077060756,0
-0.221728836509,1.03386011088,0
-0.0833287053863,0.511365904741,1
0.173632360989,-0.380024763725,1
-0.0833345821058,0.510564106372,1
-0.255195439427,0.507867183178,1
-0.25734047305,-0.99299538225,0
-0.534571889697,0.904510798878,0
0.959089466308,0.332995412563,0
0.710884570229,-0.668362740588,0
-0.45708999295,-0.119186840872,1
-0.371356444581,0.843448214121,0
0.176816975386,0.509167022991,1
-0.125945115166,0.481279986494,1
-0.210093831255,0.479303431726,1
0.0256893918121,-0.47146415405,1
-0.138035386092,0.420076839494,1
-0.555669652778,0.801907550039,0
0.682826872269,0.730236729667,0
0.940400428628,0.16422524886,0
0.422610421307,-0.140270301213,1
0.258934157804,0.403768395671,1
0.392850469449,0.308710894169,1
-0.353734889238,0.337216227315,1
0.241158170831,0.403967276358,1
0.486631762103,-0.203835629307,1
-0.0401697710772,-0.976752570764,0
-0.277385589135,0.329737085953,1
-0.451353722806,-0.186306642599,1
-0.33457691325,-0.985400157604,0
0.542603136642,-0.892565328636,0
-0.567149431013,-0.784832887281,0
0.42892875896,-0.248270126114,1
-0.296177165869,0.442089283074,1
0.976837527803,-0.136481341432,0
0.493476286137,0.0857802227164,1
0.468365090827,-0.0812991407846,1
-0.530079502333,0.0759619563903,1
-0.920269625671,0.0152420061339,0
0.010269531064,0.42216219009,1
-0.299806860465,0.859004509918,0
-0.97434890489,-0.338235051259,0
-0.139248044685,0.940724487142,0
0.721951025002,0.578520086803,0
-0.0640884436248,1.03696758854,0
-0.579669093394,-0.800170696492,0
0.428869991609,0.165490529599,1
0.354811815637,1.07161991913,0
0.400754565583,0.106264209411,1
-0.898130200906,0.482274032797,0
-0.304259480489,-0.369391552186,1
0.220212120799,0.323096301478,1
-0.781949406181,-0.623955492997,0
0.367733568281,0.876235271809,0
-0.253623834859,-0.411581006232,1
-0.357576862843,-0.178153648767,1
-0.372692766635,-0.198907641352,1
-0.40614907914,0.355235143465,1
-0.153363724341,-0.539392984084,1
1.01718569455,-0.0626816044998,0
0.344751740795,-1.03699370117,0
0.308679862493,0.384987189826,1
-0.0891925665001,-0.509445226619,1
0.768379970265,0.636211314635,0
0.291619521882,1.07585055577,0
-0.513504923565,0.148544393384,1
-0.495244999715,-0.205787268364,1
-0.358479781402,-0.354498204887,1
0.446033049967,0.92960692014,0
-0.463365365174,0.176339507046,1
0.525788514231,0.0479468503206,1
-0.957992640393,-0.154614452282,0
0.349895079887,0.850707670618,0
-0.0831504351987,0.468087536764,1
-0.902391908024,-0.379333647707,0
-0.284483623506,0.252711408232,1
0.00804622195659,0.491874583874,1
-1.06904008635,-0.235483996089,0
0.541314517615,0.0706890870967,1
0.401161150784,-0.320203036595,1
0.245583388958,0.542472191233,1
0.0410516382281,0.518706755528,1
-0.899948993493,0.165899787565,0
0.674320219073,0.786183307281,0
0.495283737281,-0.815470723271,0
0.127167279459,-0.951990385963,0
1.00625341,0.305377480813,0
-0.660673538092,-0.778330717969,0
0.331869729993,0.928536493109,0
0.306922146859,-0.485998618014,1
0.280188914093,0.943399942359,0
-0.0553819388546,-1.07762569026,0
0.241308593689,0.475104646315,1
0.0940159644139,0.573092393516,1
-0.394661011951,-0.896597566378,0
-0.427261001941,0.169855680404,1
-0.275673652687,-0.471097752659,1
-0.402322660168,0.915196015395,0
-0.279216161508,0.462328191171,1
-0.413871205694,0.920624639461,0
0.048174676379,-0.470363293092,1
-0.562606459908,-0.0359135220558,1
-0.32078433013,0.453396294268,1
0.73134644368,-0.770325841379,0
0.265057236472,-1.06997515233,0
0.0995087796573,0.501058222004,1
-0.501527959607,-0.195086366877,1
0.809791087138,0.513726618354,0
0.335597715389,-0.427182936704,1
0.0533888233516,0.953206755708,0
-0.319600085108,0.920112975706,0
0.00180820700361,0.911416660723,0
-0.369341464242,-0.383086325099,1
-0.119685457647,0.474282498614,1
-0.187142911684,0.47477932357,1
-0.325911103685,-1.0256396741,0
0.865542403577,-0.618799498955,0
0.0908153245473,0.419351097942,1
-0.369453641459,0.294803205889,1
-0.482743731298,0.221822489357,1
0.445478469655,0.125008427543,1
-0.966670534477,-0.0262354240357,0
-0.173210411993,-0.453061379578,1
0.302726710938,-0.503563865942,1
-0.970381481296,0.344969316401,0
0.318372514948,0.398460334303,1
-0.557220586962,0.844918776181,0
0.983051556126,-0.000581023639394,0
-0.551473425349,0.912464754874,0
0.515335976104,0.0541560858463,1
0.928300529275,0.361197394535,0
0.496397796565,-0.0634962289265,1
-0.077390205854,-1.01646173375,0
0.525592661004,0.879311137029,0
0.581995977633,0.123192271174,1
0.627640310393,-0.67840617509,0
-0.345231960942,0.331676332181,1
0.899027823509,-0.373112850625,0
0.702078216115,0.673462515093,0
-0.521316719926,0.0602434726805,1
-0.60173845702,-0.803358171858,0
0.398822739025,-0.0854224883281,1
0.032988931679,0.474670162791,1
0.80071368641,-0.591060663139,0
0.986086311943,0.165684146511,0
-0.388702985259,0.894500118389,0
1.03233199799,0.449814690986,0
0.192941762814,0.867326179593,0
-0.77106205295,-0.51947831438,0
1.00555356928,-0.117032937257,0
0.46150585056,0.288623811083,1
-0.154529727675,-0.544828585298,1
-0.486014941393,0.118645292775,1
0.376450126414,0.309614583314,1
-0.806288677945,0.630393720379,0
-0.31993981431,0.411189423284,1
0.0515248767295,1.04020427337,0
0.950787956225,-0.4213533805,0
0.701025274677,-0.743509264124,0
0.112521677799,-0.535038347365,1
-0.759595187824,0.698364886055,0
0.491356446246,-0.121127481249,1
-0.127813496953,-0.417264727398,1
0.51402787139,0.0486778368685,1
-0.0353651976797,-0.488239155455,1
-0.305625763866,-0.487870486933,1
-0.051946320855,0.474658077657,1
0.744776636722,-0.663358838143,0
0.299278805878,-0.377281440108,1
0.550034461872,0.198918954206,1
-0.166453225633,0.913320531742,0
-1.02131606734,0.299420874025,0
-0.827893468532,0.60663995427,0
-0.187675195467,0.969991332658,0
0.449251550635,-0.0852632048048,1
-0.767316193072,0.634944071786,0
-1.02403464652,-0.0606368004797,0
0.168886713322,0.941175612256,0
-0.897485664355,-0.361962635715,0
-0.332873383367,0.966019873009,0
0.392345934153,-0.897802617647,0
1.04440803698,0.227324169269,0
-0.367036270752,-0.838349856898,0
-0.504570730898,0.0326477911507,1
0.780274758454,0.532232053599,0
0.679892011345,0.708961273708,0
-0.439129123026,-0.124303998214,1
-0.956624016787,-0.122036951852,0
0.354346023612,0.379391495261,1
1.03065358188,-0.0354615088461,0
-1.0069289125,0.0228021185655,0
-0.518946344936,0.771744689042,0
-0.219356571828,-0.371994720969,1
-0.194637740233,0.431672142066,1
-0.805355565657,0.600713965764,0
0.0508990290836,-0.462851859949,1
0.432221995315,-0.317450069161,1
-0.988472791003,-0.345246713897,0
0.461139210532,-0.209825941731,1
0.0617601356257,0.48105531583,1
0.984320741891,0.331883426683,0
-0.192601903013,0.996800219641,0
-0.22127983265,-0.940993513526,0
0.219954011884,-0.490377953432,1
-0.60419142634,-0.87788200939,0
0.238072292903,-0.93516699176,0
0.700646135828,0.642797997529,0
-0.448659656031,-0.87563775552,0
-0.679050827816,0.704964913299,0
-0.323194840431,-0.334981419094,1
0.290346944267,0.329249662474,1
0.802617614722,0.552108053862,0
0.0350058288217,-0.933954444739,0
0.0948727007323,1.01423644862,0
-0.461480563459,0.0328048336376,1
0.374549376781,-0.395426117602,1
-0.49766870131,-0.866974516158,0
0.564979748747,0.771421759004,0
-0.755255605765,0.591952842163,0
0.853036388114,0.620306759785,0
0.881030869115,0.368812028826,0
-0.519580113902,0.0632038069179,1
0.516244575841,0.100367657855,1
0.450105116025,0.0875225313942,1
-0.208434280902,-0.373102227359,1
-0.311448903857,0.278893917419,1
0.403683062729,-0.356228911278,1
-0.973683503202,0.398928694312,0
0.201784266457,-1.00475664477,0
0.558342833296,-0.740752661676,0
0.0344015599496,-0.950940336526,0
0.245964781008,0.440794179404,1
0.355502631032,-0.430035501001,1
0.553435406339,-0.246366242585,1
-0.991333491325,-0.317265064475,0
0.642114716049,-0.854215559364,0
0.550147983544,0.0247611611563,1
0.451397886872,-0.191056826253,1
-0.208500046096,-0.514550674822,1
-0.722273554708,0.709757247419,0
0.0894669496998,-0.505751850943,1
0.320687702511,0.183010763019,1
0.496722352557,-0.891701952392,0
-0.372066878933,-0.909622668357,0
0.241996124137,1.05197240993,0
-0.958143428269,0.275267378176,0
0.370230889393,-0.298905723542,1
-0.597010524361,-0.848202630799,0
0.931079721435,0.414752349987,0
1.01047652884,-0.0863102339553,0
0.487209415209,0.864506564914,0
0.555037868518,0.0540170635778,1
-0.70403102906,-0.667663725162,0
-0.154694222,-0.474038448517,1
0.133300299369,0.494701419565,1
0.0900048053264,-0.476426236472,1
-0.0193423945204,0.399013623196,1
-0.869800021804,-0.489999227738,0
0.0358399445801,1.0311113951,0
0.0181952545692,-0.985032714865,0
-0.299541589422,-0.310751770052,1
-0.899980916219,-0.395738738131,0
-0.899360160614,0.402692428764,0
0.585884073538,-0.779693049618,0
0.809334685918,-0.63881797259,0
-0.974410939204,0.258078748094,0
-0.721276431507,-0.608132018899,0
-0.184170839,0.384247599031,1
1.06646964258,0.177711913169,0
0.132496962025,0.506993372493,1
-0.45749951816,0.0561745736499,1
-0.470025260628,0.0822204878797,1
0.435519480189,-0.0921139254284,1
0.301191563495,-0.468053958334,1
-0.378980510807,0.312109458231,1
0.363742350439,-0.411327566486,1
-1.00850633945,0.203303140343,0
-0.73862654178,-0.745201309117,0
-0.899888846461,0.537852981115,0
0.451593718929,0.087341379998,1
0.0289243988275,-0.527891228989,1
-0.835158870771,-0.554372345295,0
0.134478708525,0.926280327216,0
0.948205556341,-0.445522883955,0
0.474911441065,-0.0561952855466,1
0.511050323456,0.918604952059,0
0.460029278153,0.29912876379,1
-0.178994740165,-0.395846631049,1
-0.413852839652,-0.33249027562,1
0.429056179829,0.31583103945,1
0.744840356467,0.635992110629,0
0.00967198079875,0.490752504755,1
-0.370537549188,-0.237352105387,1
-1.00352437503,0.295700061535,0
-0.929624333985,-0.184736496449,0
-0.314312935719,-0.366878290713,1
-1.01443388896,-0.121327905125,0
-0.989513939495,-0.0800569592673,0
0.225726181154,0.533267681733,1
-0.0283893574765,-0.531209959602,1
0.596054022649,0.875476672095,0
-0.231778886175,-0.522481435077,1
-0.48172256956,-0.0387149194703,1
-0.252789103511,1.02940898937,0
-0.097026292308,-0.428760696035,1
0.944188309141,0.195782863548,0
-0.312066715146,-0.290474784711,1
0.533306237817,0.0401633557427,1
-1.06472311294,-0.110084667666,0
-0.540323118028,0.805300311933,0
-0.453396761685,0.841064415623,0
-0.522873964607,0.11757163532,1
0.909542128688,0.319462538312,0
0.233412573617,-0.948346309727,0
0.735792481125,-0.565654108556,0
-0.426096460687,-0.860008286179,0
0.306203648486,-0.37646448034,1
0.513796788883,-0.0803150841144,1
-0.567028963729,0.0507706733836,1
-0.357161178141,0.433139436198,1
-0.367561618498,-0.33676203033,1
0.612312422369,0.832645325622,0
-0.332439347394,0.381783619008,1
-0.954311311023,-0.0244050999949,0
0.21694891603,0.519744053196,1
0.488313594069,-0.871015508561,0
-0.245132263939,0.410720765679,1
0.351714179621,-0.924784986973,0
-0.0318650447919,-0.433848044163,1
-0.365679058858,0.446656284563,1
0.478103614146,-0.866873612327,0
0.455618395739,0.247756440457,1
0.169162671363,0.419925004518,1
0.84089884139,-0.67409201243,0
0.221997851812,-1.01337401583,0
-0.392459141715,0.340925322327,1
1.02838742252,-0.204017145988,0
0.131399965547,0.948342476868,0
0.939001403178,-0.675874658258,0
-0.460550542327,0.884334991105,0
0.876336225966,-0.446612956174,0
-0.41919419888,0.00915646444596,1
-0.369247795158,0.247623842328,1
-0.305213890626,-0.466131996095,1
0.266817844785,0.474927065777,1
0.953632808037,-0.318702809553,0
0.482722118079,-0.107249254849,1
-0.904047845572,0.507719271253,0
0.439847815847,0.907631453176,0
0.0840487496891,-0.529169051279,1
0.237456615383,0.995416354109,0
-0.173877815201,-0.395429842044,1
0.450155849873,-0.958853339018,0
0.336824932276,0.991951779986,0
0.460241521605,0.869154111917,0
-0.333713785475,0.428897884352,1
0.366838736382,0.321965560377,1
0.391169177925,0.10422652976,1
0.447770187708,-1.02860775471,0
0.540066022001,-0.119012439534,1
-0.243342914948,-0.398468413777,1
-0.917745865329,-0.338819843358,0
0.721881945345,0.753840530997,0
1.00162129488,-0.0887397361001,0
-0.984482922807,0.264624295766,0
-0.360018776606,-0.382035128394,1
0.405406087721,0.317799851042,1
0.406107914702,0.319287982877,1
0.473152496102,0.0285791971296,1
-0.0744837217385,0.556967465501,1
0.0109533634679,-0.5660837704,1
0.393257428458,-0.414674568602,1
0.407158711254,-0.223822517623,1
-0.417632806137,0.189306573991,1
0.678346949125,-0.728899631077,0
0.57765312183,0.773424688573,0
0.466233491252,0.230573133794,1
-0.163636078112,0.487134108053,1
0.370501966989,-0.27741955984,1
-0.74052473109,-0.636081272354,0
-0.433690295122,0.296691725371,1
0.202976286142,-0.938022056568,0
-0.415848804417,0.220314645504,1
-0.449295364891,0.203080619242,1
-0.495796975733,-0.817517932895,0
0.874215927582,-0.377343004837,0
-0.983754856698,-0.0154015181366,0
-0.124427069218,0.60123210454,1
-0.485738637985,-0.245096206032,1
-0.878236205208,-0.182226219556,0
-0.881332843595,-0.318121330948,0
-0.390599763705,-0.350181931513,1
0.0817288299813,0.996557486288,0
0.891665906938,-0.4788446295,0
0.365113882473,0.226571935927,1
-0.881244629442,-0.513695244404,0
0.508937873042,-0.0620321801347,1
-0.101058733125,-0.463196103458,1
1.01046887591,-0.165136931468,0
-0.607885728369,0.667311029203,0
-0.464874129307,0.107424487186,1
-0.531313320812,0.00395201055073,1
0.595536975366,-0.764054269149,0
0.942425341532,-0.125652132157,0
-0.648483293424,-0.918232693143,0
0.91666999081,-0.556077299912,0
0.992609098454,0.0023236786918,0
-0.0463846348884,0.556241207776,1
-0.476001247072,-0.20695831035,1
-0.454944545593,-0.227882489502,1
-0.983194984599,0.413574617964,0
0.58394515973,0.884535866489,0
-0.19050027397,0.906292768928,0
0.330712144887,0.300851072329,1
-0.495759848137,0.988711272633,0
0.543963847363,-0.0592972013067,1
-0.358287010012,-0.264572170434,1
0.223274764172,-0.534666148443,1
-0.541845463336,-0.122201755296,1
-0.125065495029,-0.43306171784,1
-1.0162183055,0.0299347739884,0
-0.504338937142,0.866565200932,0
0.950124778417,-0.121831992381,0
0.98036286558,0.267497020381,0
0.394181355442,0.391181206216,1
0.230902669512,-0.407107445149,1
0.849827262654,-0.484924553058,0
-0.536631183588,-0.184924243383,1
0.984419455196,0.0657960615423,0
0.461852602104,0.934905671617,0
0.416900799279,0.334080400226,1
-0.94658979745,0.205127219218,0
-0.741712944641,0.615476019713,0
0.926394245865,-0.376758820691,0
-0.284763090276,0.318066351477,1
-0.0804459979402,-0.463093660262,1
-0.992388620751,0.046123836432,0
-0.276708029245,-0.440952907193,1
-0.332415536246,0.924614525005,0
-0.945088578393,0.287878706996,0
-0.103122232584,-0.462234256697,1
0.311353721631,-1.04402141373,0
-0.771181196314,-0.637471195967,0
0.770971419893,0.518756036316,0
-0.0862220396838,0.42773067291,1
-0.466226547368,0.872673398922,0
0.690938991699,-0.78568867412,0
0.54873236372,0.80059683799,0
0.444044923497,-0.0869042001513,1
0.39103936011,-0.378105774639,1
0.142521458655,-0.958675804071,0
0.510387166466,0.929677787149,0
-0.284863783602,0.497143259227,1
-0.408416016722,-0.285712092115,1
0.281564217615,0.351807301171,1
0.992714380025,-0.332831157548,0
0.454432185169,0.86986120653,0
-0.258280703073,0.304244921099,1
-0.325406424007,-0.344918698697,1
0.984775266707,0.0747240167331,0
-0.477903511923,-0.909028863457,0
0.320253752988,0.409000973835,1
-0.0422218999124,0.379767235122,1
0.614195198629,-0.827724400826,0
0.0402210983561,0.326741848132,1
-0.274336575355,-0.345169592977,1
-1.00370869901,-0.250560941949,0
0.474002671375,-0.110148628236,1
-1.07714584011,0.193423013368,0
0.327366261924,0.945688653805,0
-1.02725835743,0.302111890107,0
-0.897435352151,0.588509484236,0
0.10683418055,-0.419810279151,1
0.357476853258,-0.950412752338,0
-0.460222113624,-0.307744852453,1
-0.659330852627,0.726168626316,0
-0.125560393779,-0.463262772042,1
0.445107338095,-0.157653759727,1
-0.568030593076,0.195084850209,1
-1.01498598106,-0.235420793758,0
-0.701418121154,-0.750730548969,0
-0.405716916712,-0.894772825497,0
-0.17956028995,-1.00472694457,0
-0.220206411104,0.43501660185,1
0.0539222623986,0.467573304688,1
-0.348787330006,-0.169544450853,1
-0.0535414179834,-1.08216169085,0
0.116742136624,-0.524174599218,1
-0.353468495608,-0.342155866571,1
-0.542439366615,-0.0436892872268,1
-0.0263367223875,0.51793820603,1
0.217994285641,0.920257630126,0
-0.981647916249,0.315321926879,0
0.90587781892,0.451922957475,0
-0.464860772588,0.0702244546585,1
0.360895916362,-0.342395626145,1
0.418599725485,-0.258813219121,1
-0.806425050231,-0.662185718421,0
0.271735025948,0.433590770013,1
-0.422813034811,-0.25672420316,1
0.109503737104,-0.457609974753,1
0.149350246296,-0.490384143386,1
-0.899181755467,-0.470314314519,0
0.467307052779,0.0613036186807,1
0.243284539323,0.333500143407,1
0.30752030008,-0.408844146338,1
0.428611315754,0.307305004862,1
-0.338754961383,0.382676701958,1
0.276946560069,-0.921600211536,0
-0.0192448256867,0.497374362166,1
-0.954131059856,0.217698128327,0
-0.344901137148,-0.445351946809,1
-0.29217361858,0.309939952881,1
-0.494543385727,-0.0734938733628,1
-0.728476854771,-0.650503843861,0
-0.514547793623,-0.0898843552725,1
0.360815858193,-0.407978073527,1
0.739496005652,-0.685008138409,0
0.0677598268288,-0.934015896662,0
0.576355857172,-0.810585695642,0
0.321006229421,-0.972534858513,0
0.213010997686,0.388702603142,1
-0.745159556698,-0.618341276223,0
0.491501373165,0.118116979582,1
-0.796972784966,0.595278765551,0
-0.0458436591271,0.468815308537,1
1.00115685944,-0.178135227538,0
0.942885988016,-0.351556856403,0
0.331833466172,0.3306231389,1
-0.141553467077,0.556937998907,1
-0.477403326529,-0.16110065254,1
-0.369510274338,0.24418976289,1
0.242561292825,-0.577655638628,1
-0.733118749607,-0.587480324782,0
0.178209627466,-0.981740895353,0
0.348704161611,0.935786036696,0
0.252214642907,0.975301096436,0
-0.493787297778,0.0374282336119,1
0.550540321243,-0.100111053022,1
-0.504781266101,0.0799330089492,1
0.273485756478,0.333708009446,1
-0.149993654884,0.388654773659,1
-0.24773479039,-0.549131493764,1
0.455940487629,-0.903725909768,0
0.358294692938,-0.932358461296,0
0.224731940844,0.964638549582,0
0.538465616466,0.730261356104,0
-0.34373621037,0.279658918187,1
0.444941693366,-0.916537696885,0
-0.231685514819,-0.422261275272,1
-0.978418599824,0.325286693901,0
-0.655643092039,-0.810851720976,0
-0.426041818528,-0.878073286858,0
0.291281414604,-0.381266634824,1
-0.135738424169,-0.494185688067,1
0.705822405376,0.73629081115,0
0.516533321793,0.269974301808,1
-0.767510798254,-0.4252389102,0
-0.523601343132,0.0921581733108,1
1.0006950215,0.314966271667,0
0.301603382754,0.421053922778,1
-0.00815995334817,-0.544579398524,1
-0.0643082345756,0.450383168506,1
0.858790737784,-0.231316452872,0
0.487321836927,-0.232450491766,1
0.440479586821,-0.251660758982,1
0.476226658428,0.0688646991681,1
0.226160446592,0.439080950084,1
-0.0267102391007,-0.946613980624,0
0.32935537115,-0.260582621246,1
0.800359716646,0.561858846659,0
-0.390559633022,-0.889959076479,0
-0.506942514629,-0.883698917305,0
-1.03438890509,0.287685308458,0
-0.342719313541,0.977152196957,0
0.35510566506,0.932131896832,0
-0.397898438548,0.188358190924,1
-0.530486874102,-0.137699798034,1
0.524105872383,0.239886908123,1
-0.472426807909,-0.856932203623,0
0.110046108834,-0.521438855977,1
0.152208837037,1.06159185561,0
0.492373538984,0.239053624311,1
0.142710010661,0.90440466116,0
0.00208748038465,-0.534016381656,1
0.238632722824,-0.348559366519,1
0.462593436894,0.925018087015,0
-0.0125780414927,0.957159786229,0
0.454615538976,0.864379132461,0
0.268653103486,-0.377859474941,1
0.190129568724,0.478895893152,1
-0.123565651581,0.960644431782,0
-0.792595684064,0.669592304148,0
0.965815502993,0.288678859369,0
0.437699012891,0.0978229175099,1
-0.412823586909,0.959961226557,0
0.5762569672,-0.740743101477,0
1.06802539744,0.267384514489,0
-0.577311449913,0.120710736735,1
0.407282553244,-0.2124441469,1
-0.39721009329,0.234001950794,1
0.252226225802,0.526789469209,1
-0.874149925961,0.339354198714,0
-0.413584655378,0.0915740864783,1
-0.062437181242,0.982064108122,0
-0.935364800375,-0.476033370782,0
0.533593736255,-0.0552197761634,1
0.345677877244,0.443037796933,1
0.928101629353,-0.202279618519,0
0.096503235525,0.603693906294,1
-0.795526067735,0.657246882654,0
0.828282551136,0.561330800799,0
0.37668324959,0.19464039014,1
-0.177282851597,-0.986708240187,0
-0.0409409762844,0.470608556822,1
0.276590301694,-0.442912093266,1
0.271131120945,-0.456700637905,1
0.254383008531,-0.453383560095,1
0.416401076969,0.342873939067,1
0.730008469552,-0.714453390762,0
-0.290483220826,-0.378247812891,1
0.224181722308,-0.526300432885,1
0.468004262687,-0.850299945316,0
-0.475101698175,-0.201755375902,1
-0.15061016282,0.964198210157,0
-0.374576067912,0.296888882672,1
0.326126532391,-0.403444532142,1
0.293239281758,-0.358646297489,1
0.977400158097,-0.246636159087,0
0.839435477091,-0.390964751774,0
-0.312602085519,0.329095696204,1
0.396109561325,-0.188652863708,1
-0.345810491744,0.97976895126,0
-0.23523898049,0.424712552008,1
-0.121138400245,0.492546886821,1
0.920001252875,0.579907971333,0
0.95654039327,0.190686775167,0
-0.274875681564,0.989649646002,0
0.437721732262,0.243599402486,1
0.991045980036,-0.119906473847,0
-0.45691138657,-0.106229750097,1
0.585620455586,0.828932179937,0
0.153800609771,0.928592581391,0
0.462056856197,-0.290546273492,1
-0.217043589576,0.990277180707,0
-0.584346938781,0.694665432316,0
0.936431948014,0.387643441474,0
0.189224762883,-0.933063640811,0
0.0777441614692,-0.555827328784,1
-0.366122622228,-0.922218056686,0
-0.76147549817,0.704148874459,0
-0.699724807086,-0.734398002161,0
0.439302998677,0.819247105122,0
0.557673122583,-0.0794108916798,1
-0.265055273154,-0.604686796507,1
0.0454226141264,0.485691065822,1
0.871393268001,-0.597538208484,0
-0.578652519569,-0.0519562210271,1
0.210803809846,0.40031860843,1
-0.00514011014486,0.587265172944,1
1.02157578705,0.175318852522,0
-0.493216366467,0.0586015625869,1
0.391830284243,1.01146405894,0
0.112198539511,0.505885775698,1
-0.494687878838,-0.166269494688,1
0.879431571809,-0.408510213288,0
0.328677047917,0.401118146871,1
0.239682266159,0.419771268515,1
0.219065287909,-0.935713946942,0
-0.325962022641,0.335466585971,1
0.410567804766,0.903643812074,0
0.95467279692,-0.031990710644,0
-0.165428848188,-0.44516745802,1
-0.308758056161,0.50607726707,1
-0.949141613412,0.410075208635,0
0.0251788697702,1.08653431305,0
-0.282730516968,-0.401588841128,1
-0.751914950244,-0.54023890805,0
0.401527785298,-0.954621608604,0
-0.325837936761,0.320584852202,1
-0.789071036309,0.652788434671,0
-0.0672627009599,-0.415211463654,1
-0.342762702633,-0.500472965702,1
0.614654646555,0.772827718575,0
0.193913484365,-0.416393743353,1
0.598747249453,-0.897963152971,0
0.0179492069369,-0.549916581298,1
-0.777863445529,0.681901356311,0
-0.622934962498,-0.776148200599,0
-0.842153107466,-0.513614528259,0
-0.342360983399,-0.285485116333,1
-0.479340213315,-0.257759267403,1
-0.64711278414,0.708900521857,0
0.404161000769,0.178805426869,1
-0.592213483231,-0.0952345432453,1
-0.331176996184,-0.271972086657,1
0.977967452797,0.215754350137,0
-0.452241589353,0.119273915138,1
-0.898305632703,0.546822994732,0
0.470385415589,0.0977324481745,1
1.07444480415,0.120240990082,0
0.311008730449,0.477227728162,1
-0.498992097101,0.23070607165,1
0.553831747846,0.558558013185,0
0.436859614852,0.156143415933,1
-0.444444098306,0.249752704025,1
0.48651915287,-0.106007367808,1
-0.421282716967,0.180623011642,1
-0.406001456068,0.247731688064,1
0.450868654601,0.165908387757,1
-0.0367994394499,-1.04883655715,0
-0.204806278264,0.991814442632,0
-0.469318968945,-0.237310597618,1
0.960148382931,-0.0295724237346,0
0.290758916502,-0.931105795029,0
0.457884815765,0.727750865343,0
0.990829443168,-0.109917418553,0
-0.0200070473825,0.545816159172,1
0.709307885705,0.874297156666,0
-1.01097660909,-0.0747844419383,0
0.473313606824,0.926139954657,0
1.04520432735,0.166320775261,0
0.388059475686,-0.312611649405,1
-0.110271532398,-1.06152600221,0
-1.02278285979,0.0710006150764,0
-0.879855837267,0.00892022223833,0
-0.0442136808884,0.935743311507,0
0.0852582495131,0.472717977893,1
-1.01009033589,0.084493246402,0
-0.153919432869,0.507330748183,1
-0.914801347405,-0.0777870958384,0
0.39755218027,0.253458102692,1
-0.0712075346634,-0.584039927951,1
-0.586112536326,0.822000648794,0
-0.315848456062,-0.428398150595,1
-0.475201483271,0.0458557541839,1
0.119077274605,0.958340525489,0
-0.00497031453457,-0.633132846614,1
-0.0914964857245,-1.06342902377,0
-0.977250705485,0.00145986341655,0
0.105994468427,0.535126231923,1
0.906681685715,-0.362688566217,0
0.419638835025,0.227265010917,1
-0.128093896488,0.44378070822,1
-0.236173355372,-0.421746857549,1
-0.561704551761,-0.149725247008,1
-0.399143781268,-0.315862904515,1
0.24980013378,0.456172560782,1
-0.0676884432381,0.47422068681,1
-0.403660061937,-0.0899361782571,1
0.422567698816,-0.195348540314,1
-0.507067809503,0.236392594854,1
-0.0494403706339,0.494636792658,1
0.573601407938,0.160836766651,1
-0.957440717806,0.346013313652,0
-0.103069033433,0.984878383358,0
0.732053773036,0.654708967864,0
0.505812110775,-0.848135299806,0
0.136014243918,0.432585904174,1
0.423961438525,-1.02340296373,0
-0.993447688269,-0.0730761451861,0
0.716948928518,0.6862589075,0
-0.475707797486,-0.013893418476,1
-0.932823906132,-0.520300841871,0
0.507098875472,0.0997018620592,1
-0.536744747204,-0.0615534390419,1
-0.749362636402,0.642360060727,0
0.871757129588,0.398393191614,0
0.139424040803,-0.579037107834,1
-0.513558955815,0.829711087077,0
0.216548091332,0.518864328543,1
0.528755545352,-0.211614766504,1
-0.498062274492,0.252567890119,1
-0.961372392119,-0.198659447321,0
-0.997016439352,0.387508711241,0
-0.665681275349,0.794896160404,0
0.479599089204,0.00101103476687,1
-0.491049320828,0.160684433412,1
0.418981806457,-0.324876582101,1
0.51364764171,0.881749849727,0
0.389843920614,0.224850681264,1
0.909707715329,0.223947207599,0
-0.320696422721,-0.223656724969,1
0.195747150235,0.454856947202,1
-0.472384363336,-0.971926823248,0
0.818148868684,-0.552200527168,0
0.300139156415,1.02324834339,0
-0.475617906581,0.766311989156,0
0.952991958606,-0.295726793855,0
-0.156673165256,-0.960557887028,0
-0.0724894079566,-1.02953186471,0
0.565584050385,-0.871808690029,0
0.968489089255,-0.416161089974,0
-0.15819261211,-0.46968472477,1
-0.0356284709631,-0.566707970778,1
-0.868990875589,-0.393100495302,0
0.120757766813,0.482890440229,1
-0.499141959653,-0.133690939722,1
0.718468237012,-0.673767160743,0
0.483946517778,0.200953072857,1
0.504083356736,-0.0927245681841,1
-0.380364597628,-0.34834944955,1
0.644130090407,0.753145374212,0
0.325309659363,0.44352118022,1
-0.712699917892,-0.626572502065,0
0.432635213635,-0.22010481193,1
0.509024839183,-0.00333077545073,1
-0.140491325005,0.45899278869,1
0.554640810093,0.831357461679,0
0.382892886983,0.180934731879,1
0.856839881596,0.624507652381,0
0.306591056874,0.314237828501,1
-0.157257456554,-0.989906950847,0
0.271623283649,0.321017122626,1
0.0455401513966,1.06452643281,0
0.742860611479,0.603701110388,0
-0.0760978318681,-0.97718209187,0
0.897281126197,-0.340274043829,0
-0.878503136669,0.487945839361,0
0.361001791138,-0.343894203386,1
0.236069669832,-0.887971257222,0
-0.418928178701,0.0764749755439,1
0.310445288793,-0.936192151481,0
-0.679949308343,0.79222445476,0
-0.238985135546,0.434101275805,1
0.222413122178,-0.405034112698,1
0.473205358713,0.0341841699625,1
0.4065880446,0.274089164491,1
-0.345188158159,-0.358047973803,1
0.0171972681508,-0.945138018349,0
0.91377877353,-0.598841635181,0
